1747153055496 86.8 0
1747153639970 76.4 1
1747154228911 71.8 2
1747154815901 68.60000000000001 3
1747155410866 62.2 4
1747156005800 63.0 5
1747156597383 57.99999999999999 6
1747157188932 59.599999999999994 7
1747157781743 57.199999999999996 8
1747158375537 57.199999999999996 9
1747158971335 52.6 10
1747159567749 55.400000000000006 11
1747160162308 52.2 12
1747160758935 51.6 13
1747161352579 46.6 14
1747161949685 48.6 15
1747162545020 52.800000000000004 16
1747163147616 45.6 17
1747163750235 40.400000000000006 18
