1747152472121 75.4 0
1747153055459 61.8 1
1747153639925 44.73333333333333 2
1747154228858 33.349999999999994 3
1747154815839 27.839999999999996 4
1747155410795 24.933333333333326 5
1747156005718 19.657142857142862 6
1747156597290 17.875 7
1747157188831 17.044444444444444 8
1747157781627 14.280000000000001 9
1747158375415 13.163636363636364 10
1747158971197 12.783333333333337 11
1747159567603 11.123076923076923 12
1747160162141 10.62857142857143 13
1747160758746 9.6 14
1747161352388 9.0 15
1747161949478 8.470588235294118 16
1747162544799 7.377777777777778 17
1747163147381 7.031578947368421 18
1747163749982 6.19 19
