1746503953714 76.0 0
1746504529257 30.0 1
1746505107013 19.0 2
1746505682153 9.6 3
1746506257523 11.799999999999999 4
1746506832638 8.799999999999999 5
1746507410397 11.600000000000001 6
1746507987630 8.200000000000001 7
1746508566493 4.0 8
1746509145166 3.8 9
1746509727167 1.4000000000000001 10
1746510308560 3.4000000000000004 11
1746510888422 2.4 12
1746511469994 3.8 13
1746512051928 2.8000000000000003 14
1746512635868 3.4000000000000004 15
1746513220907 3.2 16
1746513804902 0.8 17
1746514390464 1.6 18
