1746503378635 78.4 0
1746503953701 76.1 1
1746504529245 71.26666666666667 2
1746505107000 67.9 3
1746505682140 65.44 4
1746506257509 66.0 5
1746506832624 65.0 6
1746507410382 65.82499999999999 7
1746507987614 64.55555555555556 8
1746508566478 63.260000000000005 9
1746509145151 65.12727272727273 10
1746509727151 62.650000000000006 11
1746510308543 62.107692307692304 12
1746510888406 60.857142857142854 13
1746511469977 62.32 14
1746512051911 60.68750000000001 15
1746512635850 61.835294117647045 16
1746513220887 59.233333333333334 17
1746513804882 59.64210526315789 18
