1746503378629 78.4 0
1746503953694 59.2 1
1746504529238 45.333333333333336 2
1746505106993 33.55 3
1746505682133 26.520000000000003 4
1746506257501 24.733333333333334 5
1746506832617 20.74285714285714 6
1746507410374 20.625 7
1746507987606 18.466666666666665 8
1746508566470 15.6 9
1746509145143 14.054545454545455 10
1746509727142 13.550000000000002 11
1746510308535 11.692307692307692 12
1746510888397 10.614285714285716 13
1746511469968 10.24 14
1746512051902 9.75 15
1746512635840 9.6 16
1746513220877 8.433333333333334 17
