1746479717587 77.8 0
1746480301638 77.1 1
1746480889432 75.46666666666668 2
1746481470668 73.85000000000001 3
1746482060208 71.75999999999999 4
1746482649236 70.10000000000001 5
1746483235489 69.62857142857143 6
1746483820271 66.825 7
1746484405235 65.66666666666667 8
1746484997759 66.22 9
1746485588680 65.25454545454546 10
1746486176624 63.550000000000004 11
1746486764904 63.369230769230775 12
1746487353363 61.47142857142857 13
1746487941855 60.67999999999999 14
1746488531555 60.962500000000006 15
1746489120624 60.65882352941177 16
1746489714252 59.89999999999999 17
1746490314239 59.978947368421046 18
1746490915352 59.739999999999995 19
