1746479717574 77.8 0
1746480301632 59.699999999999996 1
1746480889425 46.79999999999999 2
1746481470656 38.3 3
1746482060201 32.67999999999999 4
1746482649229 27.933333333333334 5
1746483235482 21.97142857142857 6
1746483820264 17.75 7
1746484405227 16.155555555555555 8
1746484997751 15.24 9
1746485588672 14.490909090909092 10
1746486176616 14.049999999999997 11
1746486764895 10.799999999999999 12
1746487353354 11.1 13
1746487941847 9.933333333333334 14
1746488531546 9.8875 15
1746489120615 9.105882352941178 16
1746489714242 8.444444444444445 17
1746490314229 7.926315789473685 18
