1747042946106 68.8 0
1747043536185 64.5 1
1747044121484 52.6 2
1747044706488 44.099999999999994 3
1747045293252 40.76 4
1747045883634 40.300000000000004 5
1747046474844 36.714285714285715 6
1747047062886 33.825 7
1747047651938 32.86666666666667 8
1747048239674 31.540000000000003 9
1747048828644 30.38181818181818 10
1747049418401 29.066666666666666 11
1747050007624 26.95384615384615 12
1747050599098 26.085714285714285 13
1747051192752 25.69333333333333 14
1747051784347 20.3 15
1747052376269 23.38823529411765 16
1747052967518 20.9 17
1747053560353 21.25263157894737 18
1747054151408 19.130000000000003 19
