1746620370149 75.4 0
1746620942868 30.2 1
1746621514041 13.200000000000001 2
1746622084293 8.799999999999999 3
1746622655476 11.200000000000001 4
1746623228320 5.4 5
1746623801313 3.8 6
1746624375412 1.7999999999999998 7
1746624950796 2.8000000000000003 8
1746625526328 2.0 9
1746626102626 0.8 10
1746626679131 0.4 11
1746627256894 1.4000000000000001 12
1746627835240 0.6 13
1746628419292 1.6 14
1746629003340 0.0 15
1746629588651 0.4 16
1746630173978 0.2 17
1746630762232 0.8 18
1746631350070 0.6 19
