1746620370137 75.4 0
1746620942855 56.3 1
1746621514028 41.13333333333333 2
1746622084280 32.05 3
1746622655462 28.24 4
1746623228306 22.599999999999998 5
1746623801298 19.571428571428573 6
1746624375397 18.0 7
1746624950770 17.11111111111111 8
1746625526313 15.680000000000001 9
1746626102610 13.963636363636367 10
1746626679115 12.966666666666669 11
1746627256878 11.307692307692308 12
1746627835223 10.299999999999999 13
1746628419274 9.413333333333332 14
1746629003322 9.15 15
1746629588632 8.047058823529412 16
1746630173959 7.388888888888889 17
1746630762212 6.810526315789474 18
1746631350050 6.34 19
