1746666619842 79.4 0
1746667203682 56.099999999999994 1
1746667787051 45.73333333333333 2
1746668359502 32.6 3
1746668943702 26.96 4
1746669529647 23.96666666666667 5
1746670116730 18.74285714285714 6
1746670703790 17.900000000000002 7
1746671292256 15.97777777777778 8
1746671882071 12.98 9
1746672472495 11.727272727272727 10
1746673063462 12.033333333333333 11
1746673655946 10.384615384615385 12
1746674248221 9.9 13
1746674841802 8.893333333333333 14
1746675415516 8.674999999999999 15
1746675990504 8.117647058823529 16
1746676564213 7.022222222222222 17
1746677159045 6.421052631578948 18
1746677751661 6.49 19
