1746666619849 79.4 0
1746667203688 72.8 1
1746667787057 69.93333333333334 2
1746668359509 68.25 3
1746668943714 65.84 4
1746669529654 64.93333333333334 5
1746670116737 64.11428571428571 6
1746670703797 62.525000000000006 7
1746671292264 63.666666666666664 8
1746671882079 60.70000000000001 9
1746672472503 59.81818181818182 10
1746673063470 60.08333333333334 11
1746673655955 58.52307692307693 12
1746674248230 58.62857142857142 13
1746674841811 58.15999999999999 14
1746675415525 57.087500000000006 15
1746675990514 57.88235294117647 16
1746676564222 55.06666666666666 17
1746677159055 56.0 18
1746677751671 54.8 19
