1746013380406 76.6 0
1746013955541 42.6 1
1746014534140 52.800000000000004 2
1746015119104 50.8 3
1746015696453 44.6 4
1746016273719 44.0 5
1746016851370 42.199999999999996 6
1746017429272 36.199999999999996 7
1746018007851 39.2 8
1746018590463 28.199999999999996 9
1746019175083 30.0 10
1746019759338 31.2 11
1746020340653 32.4 12
1746020922520 32.0 13
1746021505451 30.4 14
1746022088813 31.8 15
1746022672530 29.799999999999997 16
1746023257365 35.0 17
1746023841374 29.799999999999997 18
1746024426106 29.599999999999998 19
