1746013380388 76.6 0
1746013955516 42.3 1
1746014534108 37.13333333333333 2
1746015119066 26.75 3
1746015696407 21.76 4
1746016273665 18.46666666666667 5
1746016851306 16.8 6
1746017429203 14.275 7
1746018007772 14.88888888888889 8
1746018590373 11.739999999999998 9
1746019174941 10.181818181818182 10
1746019759226 10.333333333333334 11
1746020340532 8.092307692307692 12
1746020922390 7.914285714285714 13
1746021505275 7.279999999999999 14
1746022088656 6.375 15
1746022672352 6.223529411764707 16
1746023257185 5.877777777777778 17
