1746013380394 76.6 0
1746013955522 55.5 1
1746014534115 66.60000000000001 2
1746015119072 63.300000000000004 3
1746015696413 60.75999999999999 4
1746016273672 58.13333333333333 5
1746016851313 57.42857142857143 6
1746017429210 55.89999999999999 7
1746018007780 57.82222222222222 8
1746018590381 54.68000000000001 9
1746019174955 55.36363636363637 10
1746019759235 55.13333333333333 11
1746020340541 54.75384615384615 12
1746020922398 52.24285714285713 13
1746021505289 53.160000000000004 14
1746022088666 51.474999999999994 15
1746022672361 49.788235294117655 16
1746023257194 52.56666666666667 17
1746023841188 48.77894736842104 18
1746024425896 48.85 19
