1747169341743 78.0 0
1747170249827 66.19999999999999 1
1747171162549 54.4 2
1747172066640 50.2 3
1747172975650 36.8 4
1747173881744 37.699999999999996 5
1747174792097 31.800000000000004 6
1747175697291 28.800000000000004 7
1747176604684 28.977777777777778 8
1747177513604 25.46 9
1747178422885 21.83636363636364 10
1747179332072 24.5 11
1747180241707 16.123076923076926 12
1747181151163 18.2 13
1747182067535 19.77333333333333 14
1747182982454 16.775 15
1747183899869 13.423529411764706 16
1747184816893 14.822222222222223 17
1747185734058 14.536842105263156 18
1747186652688 14.34 19
