1747169341750 78.0 0
1747170249835 81.1 1
1747171162556 74.8 2
1747172066647 74.4 3
1747172975657 70.52000000000001 4
1747173881753 73.03333333333333 5
1747174792106 67.91428571428571 6
1747175697300 67.0 7
1747176604692 66.62222222222222 8
1747177513613 65.14000000000001 9
1747178422894 61.07272727272728 10
1747179332081 63.81666666666666 11
1747180241717 55.969230769230776 12
1747181151173 61.17142857142858 13
1747182067546 62.36000000000001 14
1747182982464 59.9375 15
1747183899880 59.11764705882353 16
1747184816903 58.31111111111112 17
1747185734069 57.49473684210527 18
1747186652699 57.35 19
