1746930193739 66.60000000000001 0
1746930777632 54.0 1
1746931361495 44.2 2
1746931945802 38.0 3
1746932530531 31.8 4
1746933115283 31.2 5
1746933700074 23.0 6
1746934297107 20.200000000000003 7
1746934900950 20.200000000000003 8
1746935492366 20.8 9
1746936080333 20.4 10
1746936668621 17.8 11
1746937256305 15.0 12
1746937844480 11.200000000000001 13
1746938432899 13.600000000000001 14
1746939022947 11.799999999999999 15
1746939612555 11.0 16
1746940204083 12.2 17
1746940793648 11.600000000000001 18
