1746930777660 85.39999999999999 0
1746931361530 79.60000000000001 1
1746931945846 74.6 2
1746932530583 71.6 3
1746933115343 69.0 4
1746933700144 58.8 5
1746934297188 65.2 6
1746934901044 62.2 7
1746935492466 60.4 8
1746936080444 58.8 9
1746936668745 56.599999999999994 10
1746937256445 55.400000000000006 11
1746937844631 59.599999999999994 12
1746938433060 53.400000000000006 13
1746939023122 58.199999999999996 14
1746939612747 58.199999999999996 15
1746940204304 61.0 16
1746940793875 52.800000000000004 17
