1746929610341 45.4 0
1746930193732 51.800000000000004 1
1746930777625 37.8 2
1746931361487 24.6 3
1746931945794 21.6 4
1746932530523 20.4 5
1746933115275 11.600000000000001 6
1746933700066 9.0 7
1746934297099 11.4 8
1746934900942 13.600000000000001 9
1746935492358 9.4 10
1746936080325 11.600000000000001 11
1746936668612 6.800000000000001 12
1746937256296 5.800000000000001 13
1746937844470 6.800000000000001 14
1746938432890 5.6000000000000005 15
1746939022938 8.200000000000001 16
1746939612545 8.6 17
1746940204073 4.6 18
1746940793637 2.8000000000000003 19
