1746929610327 45.4 0
1746930193718 59.2 1
1746930777611 55.6 2
1746931361473 47.650000000000006 3
1746931945779 43.160000000000004 4
1746932530508 39.06666666666667 5
1746933115260 34.94285714285714 6
1746933700050 24.075 7
1746934297083 29.95555555555556 8
1746934900925 27.72 9
1746935492341 25.345454545454547 10
1746936080307 25.650000000000002 11
1746936668594 23.73846153846154 12
1746937256277 21.157142857142862 13
1746937844451 21.573333333333334 14
1746938432870 19.8875 15
1746939022918 20.27058823529412 16
1746939612525 19.522222222222226 17
1746940204052 17.821052631578947 18
1746940793615 16.28 19
