1746929610334 45.4 0
1746930193725 71.1 1
1746930777618 72.26666666666667 2
1746931361480 69.65 3
1746931945787 68.48 4
1746932530516 69.06666666666666 5
1746933115268 66.08571428571427 6
1746933700059 57.47500000000001 7
1746934297091 62.733333333333334 8
1746934900933 62.78000000000001 9
1746935492349 62.10909090909092 10
1746936080316 61.56666666666666 11
1746936668603 60.723076923076924 12
1746937256287 58.457142857142856 13
1746937844461 62.013333333333335 14
1746938432880 60.2375 15
1746939022928 62.188235294117646 16
1746939612535 62.20000000000001 17
1746940204062 61.05263157894737 18
1746940793626 59.870000000000005 19
