1746929610355 54.339999999999996 0
1746930193760 94.64 1
1746930777667 95.74000000000001 2
1746931361545 93.88 3
1746931945869 94.78 4
1746932530613 89.3 5
1746933115381 85.52 6
1746933700191 71.38 7
1746934297245 94.0 8
1746934901110 91.06 9
1746935492542 89.52 10
1746936080531 87.52 11
1746936668844 83.88 12
1746937256558 83.5 13
1746937844753 78.75999999999999 14
1746938433195 80.64 15
1746939023269 61.86000000000001 16
1746939612911 64.53999999999999 17
1746940204484 57.36 18
1746940794069 25.82 19
