1746944031301 82.39999999999999 0
1746944929153 73.8 1
1746945828532 74.4 2
1746946729466 71.6 3
1746947630003 67.2 4
1746948526341 66.2 5
1746949418657 67.0 6
1746950310685 67.80000000000001 7
1746951203453 57.99999999999999 8
1746952095174 61.199999999999996 9
1746952989330 55.60000000000001 10
1746953885341 59.599999999999994 11
1746954782252 58.199999999999996 12
1746955679277 59.199999999999996 13
1746956577058 57.599999999999994 14
1746957476200 57.599999999999994 15
1746958378377 53.6 16
1746959281181 48.6 17
