1746943133656 71.39999999999999 0
1746944031293 77.4 1
1746944929146 70.8 2
1746945828525 65.8 3
1746946729459 59.8 4
1746947629995 60.8 5
1746948526333 60.199999999999996 6
1746949418649 60.199999999999996 7
1746950310676 59.599999999999994 8
1746951203445 53.800000000000004 9
1746952095165 53.6 10
1746952989320 52.800000000000004 11
1746953885332 54.400000000000006 12
1746954782242 52.0 13
1746955679267 51.6 14
1746956577048 49.6 15
1746957476189 47.0 16
1746958378367 50.4 17
1746959281170 44.0 18
