1746942235906 74.2 0
1746943133634 53.6 1
1746944031265 55.00000000000001 2
1746944929109 46.800000000000004 3
1746945828479 33.4 4
1746946729405 31.6 5
1746947629932 31.8 6
1746948526261 34.8 7
1746949418567 30.599999999999998 8
1746950310585 28.4 9
1746951203341 26.0 10
1746952095049 27.0 11
1746952989194 13.600000000000001 12
1746953885193 12.6 13
1746954782090 19.400000000000002 14
1746955679103 21.4 15
1746956576870 17.4 16
1746957475993 17.0 17
1746958378157 20.200000000000003 18
1746959280942 14.6 19
