1746942235891 74.2 0
1746943133619 58.1 1
1746944031250 59.199999999999996 2
1746944929094 49.900000000000006 3
1746945828464 43.519999999999996 4
1746946729389 36.9 5
1746947629917 32.114285714285714 6
1746948526245 28.1 7
1746949418551 26.22222222222222 8
1746950310568 25.659999999999997 9
1746951203323 21.38181818181818 10
1746952095031 21.55 11
1746952989175 16.876923076923074 12
1746953885174 18.714285714285715 13
1746954782057 21.133333333333333 14
1746955679083 17.1625 15
1746956576850 17.61176470588235 16
1746957475972 15.82222222222222 17
1746958378136 16.705263157894734 18
1746959280920 13.2 19
