1746942235920 98.78 0
1746943133663 82.19999999999999 1
1746944031308 97.1 2
1746944929168 97.76 3
1746945828555 99.33999999999999 4
1746946729497 93.96 5
1746947630043 95.17999999999999 6
1746948526389 96.28 7
1746949418714 94.39999999999999 8
1746950310752 98.42 9
1746951203531 91.36 10
1746952095262 98.7 11
1746952989430 93.24 12
1746953885453 99.62 13
1746954782375 97.54 14
1746955679414 84.76 15
1746956577207 99.26 16
1746957476369 99.64 17
1746958378555 93.22 18
1746959281380 95.67999999999999 19
