1746456328977 76.6 0
1746456906533 71.6 1
1746457486084 66.0 2
1746458065941 68.60000000000001 3
1746458649299 65.8 4
1746459237758 64.8 5
1746459814239 64.2 6
1746460400264 57.99999999999999 7
1746460980611 57.99999999999999 8
1746461560671 57.8 9
1746462142225 56.00000000000001 10
1746462724032 58.199999999999996 11
1746463307394 55.2 12
1746463887651 56.39999999999999 13
1746464479485 55.2 14
1746465065037 52.800000000000004 15
1746465654702 51.2 16
1746466243753 57.4 17
1746466837918 51.6 18
