1746456328964 76.6 0
1746456906514 78.4 1
1746457486059 71.8 2
1746458065909 73.55 3
1746458649257 73.11999999999999 4
1746459237709 71.56666666666668 5
1746459814184 70.48571428571428 6
1746460400198 69.425 7
1746460980536 69.6 8
1746461560588 69.26 9
1746462142133 68.14545454545454 10
1746462723926 68.35 11
1746463307280 66.56923076923077 12
1746463887525 67.18571428571428 13
1746464479344 67.82666666666667 14
1746465064887 64.025 15
1746465654521 65.72941176470587 16
1746466243576 65.48888888888888 17
1746466837710 63.21052631578947 18
