1746456342103 76.6 0
1746456919187 42.3 1
1746457497330 37.13333333333333 2
1746458075141 26.75 3
1746458652838 21.76 4
1746459231987 18.46666666666667 5
1746459813340 16.8 6
1746460400905 14.275 7
1746460995657 14.88888888888889 8
1746461586312 11.739999999999998 9
1746462177835 10.181818181818182 10
1746462767503 10.333333333333334 11
1746463361171 8.092307692307692 12
1746463949720 7.914285714285714 13
1746464545609 7.279999999999999 14
1746465135372 6.375 15
1746465727236 6.223529411764707 16
1746466322040 5.877777777777778 17
1746466910359 5.5894736842105255 18
1746467505465 5.0200000000000005 19
