1747188189951 66.8 0
1747188771651 46.1 1
1747189354401 45.0 2
1747189938565 32.95 3
1747190524045 27.439999999999998 4
1747191109299 25.100000000000005 5
1747191696170 21.571428571428573 6
1747192283107 16.375 7
1747192870765 16.91111111111111 8
1747193469647 13.760000000000002 9
1747194075198 12.47272727272727 10
1747194680420 10.6 11
1747195287117 10.76923076923077 12
1747195889625 9.271428571428572 13
1747196493024 9.026666666666667 14
1747197097774 8.275 15
1747197707777 7.788235294117648 16
1747198318321 8.033333333333333 17
1747198927914 7.231578947368422 18
1747199539710 5.54 19
