1747188189959 66.8 0
1747188771658 64.0 1
1747189354409 70.39999999999999 2
1747189938573 66.30000000000001 3
1747190524053 65.04 4
1747191109308 64.83333333333333 5
1747191696178 64.22857142857143 6
1747192283116 63.10000000000001 7
1747192870774 59.5111111111111 8
1747193469656 60.04 9
1747194075218 57.599999999999994 10
1747194680429 57.699999999999996 11
1747195287126 56.01538461538462 12
1747195889634 57.44285714285714 13
1747196493034 57.46666666666667 14
1747197097784 56.675 15
1747197707787 56.03529411764706 16
1747198318332 57.388888888888886 17
1747198927925 55.74736842105262 18
1747199539721 56.279999999999994 19
