1746923882347 74.2 0
1746924793383 66.4 1
1746925704820 70.6 2
1746926618355 63.800000000000004 3
1746927530393 64.2 4
1746928443673 65.2 5
1746929358234 58.599999999999994 6
1746930273713 55.400000000000006 7
1746931190387 53.2 8
1746932108040 53.2 9
1746933025883 51.6 10
1746933943994 46.800000000000004 11
1746934867309 51.4 12
1746935789700 48.199999999999996 13
1746936713077 50.0 14
1746937635593 44.6 15
1746938558053 52.0 16
1746939479937 51.6 17
1746940403979 48.8 18
1746941327319 46.400000000000006 19
