1746923882326 74.2 0
1746924793354 52.5 1
1746925704783 60.400000000000006 2
1746926618310 47.65 3
1746927530341 44.04 4
1746928443610 43.666666666666664 5
1746929358143 38.25714285714285 6
1746930273631 32.275000000000006 7
1746931190267 26.11111111111111 8
1746932107937 26.619999999999997 9
1746933025771 27.727272727272727 10
1746933943871 12.9 11
1746934867145 20.615384615384617 12
1746935789553 21.300000000000004 13
1746936712914 24.266666666666666 14
1746937635397 17.525 15
1746938557864 16.49411764705882 16
1746939479733 19.366666666666664 17
1746940403759 17.30526315789474 18
