1746923882333 74.2 0
1746924793361 69.30000000000001 1
1746925704790 77.0 2
1746926618318 74.69999999999999 3
1746927530348 74.08 4
1746928443618 74.3 5
1746929358157 71.8 6
1746930273640 68.875 7
1746931190286 64.19999999999999 8
1746932107946 67.68 9
1746933025780 66.47272727272728 10
1746933943880 52.03333333333333 11
1746934867166 63.73846153846153 12
1746935789563 62.714285714285715 13
1746936712924 63.559999999999995 14
1746937635414 61.0375 15
1746938557874 62.082352941176474 16
1746939479744 62.044444444444444 17
1746940403769 60.78947368421053 18
