1746468557194 88.8 0
1746469141673 39.4 1
1746469724506 30.8 2
1746470308297 19.8 3
1746470887123 16.8 4
1746471466068 14.399999999999999 5
1746472044949 11.799999999999999 6
1746472628091 13.0 7
1746473213031 12.8 8
1746473801571 12.8 9
1746474389407 8.200000000000001 10
1746474978480 6.4 11
1746475567244 4.3999999999999995 12
1746476156470 7.000000000000001 13
1746476747776 4.8 14
1746477339659 4.3999999999999995 15
1746477931363 2.8000000000000003 16
1746478523544 4.2 17
1746479116269 3.5999999999999996 18
