1746467980995 76.6 0
1746468557182 82.5 1
1746469141660 73.46666666666667 2
1746469724493 74.4 3
1746470308284 73.67999999999999 4
1746470887110 69.76666666666667 5
1746471466054 68.71428571428571 6
1746472044934 66.25 7
1746472628077 65.26666666666668 8
1746473213016 64.6 9
1746473801556 62.690909090909095 10
1746474389391 62.43333333333333 11
1746474978463 61.4923076923077 12
1746475567227 61.328571428571436 13
1746476156453 62.066666666666656 14
1746476747758 60.599999999999994 15
1746477339641 59.72941176470588 16
1746477931344 59.588888888888896 17
1746478523524 58.83157894736842 18
1746479116248 58.9 19
