1746467980989 76.6 0
1746468557175 62.4 1
1746469141653 43.93333333333334 2
1746469724487 38.55 3
1746470308277 29.920000000000005 4
1746470887103 24.7 5
1746471466047 21.142857142857142 6
1746472044927 18.349999999999998 7
1746472628069 17.977777777777778 8
1746473213009 15.819999999999999 9
1746473801548 14.109090909090908 10
1746474389383 13.299999999999999 11
1746474978455 11.215384615384616 12
1746475567218 10.885714285714286 13
1746476156444 12.146666666666667 14
1746476747749 9.7125 15
1746477339632 8.011764705882355 16
1746477931334 8.055555555555555 17
1746478523515 8.589473684210526 18
