1746869084581 78.0 0
1746869992356 68.4 1
1746870898927 65.60000000000001 2
1746871807119 56.39999999999999 3
1746872712686 57.199999999999996 4
1746873616069 39.2 5
1746874529994 46.0 6
1746875443731 43.0 7
1746876359560 42.0 8
1746877275561 37.4 9
1746878193201 27.800000000000004 10
1746879109787 33.4 11
1746880028152 30.4 12
1746880948277 28.599999999999998 13
1746881869344 29.799999999999997 14
1746882792025 28.799999999999997 15
1746883711260 28.999999999999996 16
1746884623560 29.4 17
1746885547551 25.8 18
