1746869084567 78.0 0
1746869992335 75.6 1
1746870898899 71.8 2
1746871807083 65.85 3
1746872712641 65.47999999999999 4
1746873616016 52.166666666666664 5
1746874529932 59.65714285714286 6
1746875443659 56.85000000000001 7
1746876359477 54.37777777777778 8
1746877275467 50.78 9
1746878193098 38.527272727272724 10
1746879109673 47.333333333333336 11
1746880028027 48.184615384615384 12
1746880948135 48.08571428571429 13
1746881869193 45.440000000000005 14
1746882791859 45.287499999999994 15
1746883711076 43.15294117647059 16
1746884623366 41.955555555555556 17
1746885547338 41.23157894736842 18
