1746918240451 45.4 0
1746918819639 64.8 1
1746919398534 62.2 2
1746919977307 63.0 3
1746920557448 44.6 4
1746921136804 64.4 5
1746921718573 56.99999999999999 6
1746922299267 57.599999999999994 7
1746922879741 57.99999999999999 8
1746923460661 51.4 9
1746924042445 54.0 10
1746924625642 52.800000000000004 11
1746925209427 48.6 12
1746925794159 50.0 13
1746926380766 52.400000000000006 14
1746926969717 50.2 15
1746927555753 52.0 16
1746928143220 49.0 17
1746928730329 50.2 18
1746929317329 47.199999999999996 19
