1746918240437 45.4 0
1746918819618 70.19999999999999 1
1746919398505 73.73333333333333 2
1746919977272 71.75 3
1746920557403 55.2 4
1746921136750 71.96666666666665 5
1746921718512 70.62857142857142 6
1746922299196 68.225 7
1746922879658 66.93333333333334 8
1746923460570 66.16 9
1746924042345 64.89090909090909 10
1746924625528 65.76666666666667 11
1746925209304 63.26153846153847 12
1746925794021 65.88571428571427 13
1746926380615 66.93333333333332 14
1746926969555 65.825 15
1746927555571 65.8235294117647 16
1746928143027 65.77777777777777 17
1746928730123 65.29473684210525 18
1746929317108 64.3 19
