1746918240430 45.4 0
1746918819610 57.699999999999996 1
1746919398498 56.79999999999999 2
1746919977264 47.55 3
1746920557396 25.080000000000002 4
1746921136742 43.6 5
1746921718504 37.114285714285714 6
1746922299188 33.599999999999994 7
1746922879649 31.84444444444445 8
1746923460561 30.3 9
1746924042336 28.018181818181823 10
1746924625519 27.816666666666663 11
1746925209295 25.184615384615384 12
1746925794012 26.014285714285712 13
1746926380605 26.293333333333333 14
1746926969545 25.037499999999998 15
1746927555550 24.870588235294118 16
1746928143017 23.67777777777778 17
1746928730113 22.16842105263158 18
1746929317097 19.990000000000002 19
