1746918240458 54.339999999999996 0
1746918819652 95.52000000000001 1
1746919398555 94.64 2
1746919977336 92.9 3
1746920557485 53.0 4
1746921136849 91.86 5
1746921718627 88.8 6
1746922299330 90.48 7
1746922879816 92.92 8
1746923460746 88.82 9
1746924042538 89.75999999999999 10
1746924625751 86.08 11
1746925209542 80.10000000000001 12
1746925794287 85.72 13
1746926380905 74.83999999999999 14
1746926969870 79.34 15
1746927555918 49.28 16
1746928143406 56.64 17
1746928730526 56.74 18
1746929317542 22.939999999999998 19
