1746643349336 73.4 0
1746643913297 35.4 1
1746644477872 23.200000000000003 2
1746645042988 17.599999999999998 3
1746645607923 14.000000000000002 4
1746646174648 9.8 5
1746646759793 7.3999999999999995 6
1746647344267 8.0 7
1746647931362 6.2 8
1746648519425 6.6000000000000005 9
1746649108663 6.2 10
1746649698477 6.2 11
1746650289385 4.8 12
1746650880513 2.4 13
1746651473023 4.6 14
1746652065660 2.8000000000000003 15
1746652659684 3.8 16
1746653234492 4.2 17
1746653811163 3.0 18
1746654386651 3.2 19
