1746643349342 73.4 0
1746643913310 72.39999999999999 1
1746644477914 68.0 2
1746645043014 61.199999999999996 3
1746645607956 57.599999999999994 4
1746646174691 57.199999999999996 5
1746646759842 54.2 6
1746647344324 54.400000000000006 7
1746647931428 51.4 8
1746648519502 50.0 9
1746649108748 50.2 10
1746649698574 45.4 11
1746650289493 45.4 12
1746650880632 46.400000000000006 13
1746651473153 40.0 14
1746652065802 44.6 15
1746652659839 45.2 16
1746653234660 44.0 17
1746653811348 43.4 18
1746654386846 44.2 19
