1746643349323 73.4 0
1746643913284 59.7 1
1746644477859 46.53333333333333 2
1746645042974 35.849999999999994 3
1746645607909 30.720000000000006 4
1746646174633 26.8 5
1746646759779 21.400000000000002 6
1746647344252 17.2 7
1746647931347 14.688888888888888 8
1746648519410 14.5 9
1746649108647 13.145454545454545 10
1746649698461 12.733333333333334 11
1746650289368 9.523076923076923 12
1746650880496 9.842857142857143 13
1746651473005 9.546666666666665 14
1746652065642 9.175 15
1746652659665 8.51764705882353 16
1746653234473 8.566666666666666 17
1746653811143 7.842105263157895 18
1746654386631 7.260000000000001 19
