1746643349330 73.4 0
1746643913290 78.69999999999999 1
1746644477866 76.73333333333333 2
1746645042981 72.05 3
1746645607916 68.75999999999999 4
1746646174640 69.53333333333333 5
1746646759786 68.77142857142859 6
1746647344260 65.55 7
1746647931355 65.0 8
1746648519417 64.42 9
1746649108655 63.16363636363637 10
1746649698469 61.449999999999996 11
1746650289377 60.29230769230769 12
1746650880505 59.5 13
1746651473014 59.453333333333326 14
1746652065651 60.4125 15
1746652659674 58.670588235294126 16
1746653234482 58.155555555555566 17
1746653811153 57.694736842105264 18
1746654386641 56.68000000000001 19
