1746743377197 77.8 0
1746744039735 72.39999999999999 1
1746744717851 69.6 2
1746745397261 63.2 3
1746746071322 65.8 4
1746746738267 54.400000000000006 5
1746747398242 56.599999999999994 6
1746748061998 54.800000000000004 7
1746748726496 53.400000000000006 8
1746749392142 54.0 9
1746750058718 51.6 10
1746750727445 47.8 11
1746751397344 47.8 12
1746752068093 47.4 13
1746752740386 41.199999999999996 14
1746753427895 45.800000000000004 15
1746754118113 45.4 16
1746754809717 43.8 17
1746755501830 43.2 18
1746756195252 46.0 19
