1746743377184 77.8 0
1746744039715 77.6 1
1746744717824 76.0 2
1746745397226 73.64999999999999 3
1746746071279 73.12 4
1746746738218 69.43333333333334 5
1746747398183 69.25714285714285 6
1746748061930 66.52499999999999 7
1746748726420 64.75555555555556 8
1746749392057 66.92 9
1746750058620 64.12727272727274 10
1746750727337 62.98333333333333 11
1746751397226 59.815384615384616 12
1746752067951 62.14285714285715 13
1746752740228 61.32000000000001 14
1746753427738 60.8625 15
1746754117941 59.72941176470589 16
1746754809534 60.266666666666666 17
1746755501633 59.81052631578947 18
1746756195041 59.13000000000001 19
