1746743377177 77.8 0
1746744039708 58.199999999999996 1
1746744717817 47.53333333333333 2
1746745397219 37.05 3
1746746071271 32.839999999999996 4
1746746738210 26.866666666666664 5
1746747398175 22.25714285714286 6
1746748061922 17.325 7
1746748726412 15.155555555555557 8
1746749392049 14.7 9
1746750058612 13.145454545454548 10
1746750727329 13.333333333333334 11
1746751397218 9.969230769230771 12
1746752067936 10.914285714285715 13
1746752740208 10.253333333333334 14
1746753427729 9.549999999999999 15
1746754117931 9.152941176470588 16
1746754809524 8.88888888888889 17
1746755501623 7.684210526315789 18
1746756195031 7.57 19
