1746503753428 72.6 0
1746504332476 63.800000000000004 1
1746504914432 57.599999999999994 2
1746505492166 55.00000000000001 3
1746506069752 51.4 4
1746506648782 46.400000000000006 5
1746507233956 48.4 6
1746507819390 43.0 7
1746508404438 42.0 8
1746508988239 50.2 9
1746509571673 40.400000000000006 10
1746510155235 38.0 11
1746510742012 42.0 12
1746511330269 37.0 13
1746511919362 37.8 14
1746512506666 34.599999999999994 15
1746513094413 38.0 16
1746513685421 36.0 17
1746514278121 33.800000000000004 18
