1746503178166 78.4 0
1746503753403 72.4 1
1746504332444 67.8 2
1746504914392 64.1 3
1746505492118 60.4 4
1746506069697 58.833333333333336 5
1746506648718 57.42857142857142 6
1746507233883 58.949999999999996 7
1746507819308 57.37777777777777 8
1746508404348 53.96 9
1746508988136 56.8909090909091 10
1746509571561 54.65 11
1746510155113 52.83076923076923 12
1746510741878 52.02857142857143 13
1746511330121 52.38666666666666 14
1746511919201 51.15 15
1746512506495 51.57647058823529 16
1746513094228 50.13333333333333 17
1746513685211 50.22105263157895 18
1746514277900 49.540000000000006 19
