1746503178160 78.4 0
1746503753396 53.4 1
1746504332437 39.06666666666667 2
1746504914385 27.700000000000003 3
1746505492111 22.080000000000002 4
1746506069690 20.400000000000002 5
1746506648711 15.914285714285715 6
1746507233876 15.349999999999998 7
1746507819301 13.533333333333331 8
1746508404340 10.6 9
1746508988127 10.4 10
1746509571553 9.933333333333332 11
1746510155104 7.892307692307693 12
1746510741869 7.657142857142857 13
1746511330112 7.293333333333333 14
1746511919192 6.9875 15
1746512506486 6.576470588235294 16
1746513094219 5.655555555555556 17
1746513685189 5.515789473684211 18
1746514277890 5.25 19
