1747170120083 87.6 0
1747171029264 74.4 1
1747171942633 70.6 2
1747172860914 64.2 3
1747173778857 64.60000000000001 4
1747174692705 60.8 5
1747175608468 59.0 6
1747176524716 52.400000000000006 7
1747177442832 56.599999999999994 8
1747178358038 52.800000000000004 9
1747179273603 51.0 10
1747180190952 56.39999999999999 11
1747181108428 52.800000000000004 12
1747182025509 53.6 13
1747182941818 50.4 14
1747183859841 48.199999999999996 15
1747184777626 42.8 16
1747185696870 54.400000000000006 17
1747186617506 48.199999999999996 18
