1747169210962 78.0 0
1747170120054 79.1 1
1747171029226 69.60000000000001 2
1747171942587 70.2 3
1747172860859 67.12 4
1747173778794 67.36666666666667 5
1747174692633 64.51428571428572 6
1747175608386 62.275 7
1747176524619 59.53333333333333 8
1747177442723 59.17999999999999 9
1747178357920 57.76363636363636 10
1747179273464 57.53333333333333 11
1747180190808 56.184615384615384 12
1747181108267 55.642857142857146 13
1747182025341 55.88 14
1747182941639 53.6 15
1747183859641 52.98823529411765 16
1747184777413 44.988888888888894 17
1747185696646 51.2 18
1747186617262 50.89 19
