1746850846846 78.2 0
1746851754750 25.2 1
1746852661647 6.0 2
1746853567642 10.6 3
1746854476141 7.3999999999999995 4
1746855387806 2.1999999999999997 5
1746856304842 2.8000000000000003 6
1746857220359 2.1999999999999997 7
1746858130394 4.2 8
1746859039718 4.0 9
1746859950407 3.0 10
1746860861785 2.1999999999999997 11
1746861772874 0.8 12
1746862684675 1.7999999999999998 13
1746863597930 1.7999999999999998 14
1746864512082 1.6 15
1746865425205 0.6 16
1746866340211 1.2 17
1746867256407 0.2 18
1746868174172 0.4 19
