1746850846817 78.2 0
1746851754736 51.7 1
1746852661633 33.266666666666666 2
1746853567627 27.700000000000003 3
1746854476125 23.48 4
1746855387790 20.7 5
1746856304826 8.77142857142857 6
1746857220343 16.599999999999998 7
1746858130377 14.866666666666665 8
1746859039701 14.48 9
1746859950390 13.0 10
1746860861767 10.700000000000001 11
1746861772855 10.723076923076924 12
1746862684657 9.228571428571428 13
1746863597911 9.373333333333333 14
1746864512062 8.525 15
1746865425185 7.447058823529412 16
1746866340190 8.38888888888889 17
1746867256386 6.757894736842106 18
