1746850846833 78.2 0
1746851754743 63.10000000000001 1
1746852661640 55.133333333333326 2
1746853567635 53.7 3
1746854476132 51.120000000000005 4
1746855387798 49.93333333333333 5
1746856304834 31.542857142857144 6
1746857220351 48.22500000000001 7
1746858130386 46.46666666666667 8
1746859039710 46.94 9
1746859950399 45.07272727272727 10
1746860861777 43.21666666666667 11
1746861772864 42.13846153846154 12
1746862684666 41.699999999999996 13
1746863597920 41.760000000000005 14
1746864512072 39.975 15
1746865425195 37.45882352941176 16
1746866340200 38.52222222222221 17
1746867256396 36.44210526315789 18
