1746868460217 66.4 0
1746869353578 39.5 1
1746870248674 50.53333333333333 2
1746871160730 37.0 3
1746872072944 39.36 4
1746872980283 32.46666666666667 5
1746873888143 29.771428571428572 6
1746874798597 26.975 7
1746875708493 24.599999999999998 8
1746876619151 24.4 9
1746877530527 19.963636363636365 10
1746878442388 19.26666666666667 11
1746879354422 17.584615384615383 12
1746880257605 16.771428571428572 13
1746881171954 18.133333333333333 14
1746882085531 11.5 15
1746882999981 13.4 16
1746883914302 14.11111111111111 17
1746884830277 10.536842105263158 18
1746885743053 12.23 19
