1747156826600 86.4 0
1747158086707 76.0 1
1747159253932 71.8 2
1747160408607 69.6 3
1747161518044 58.599999999999994 4
1747162628144 63.4 5
1747163671399 58.599999999999994 6
1747164710374 56.99999999999999 7
1747165746777 51.800000000000004 8
1747166759158 56.99999999999999 9
1747167812385 51.4 10
1747168849785 55.400000000000006 11
1747169910259 51.6 12
1747170928371 54.800000000000004 13
1747171982665 51.4 14
1747172992263 46.800000000000004 15
1747174057932 47.0 16
1747175052065 47.199999999999996 17
1747176111046 40.400000000000006 18
