1747155307432 76.2 0
1747156826587 69.8 1
1747158086697 64.8 2
1747159253922 57.599999999999994 3
1747160408594 56.8 4
1747161518035 50.8 5
1747162628136 51.0 6
1747163671389 45.800000000000004 7
1747164710367 48.199999999999996 8
1747165746770 42.4 9
1747166759151 45.800000000000004 10
1747167812378 44.4 11
1747168849777 42.4 12
1747169910252 42.4 13
1747170928363 43.4 14
1747171982657 39.6 15
1747172992239 41.6 16
1747174057924 37.2 17
1747175052056 38.2 18
1747176111038 34.599999999999994 19
