1747155307407 76.2 0
1747156826545 78.1 1
1747158086646 73.93333333333334 2
1747159253861 69.4 3
1747160408496 69.12 4
1747161517947 64.8 5
1747162628054 65.51428571428572 6
1747163671261 64.225 7
1747164710273 65.11111111111111 8
1747165746665 63.48 9
1747166759044 64.16363636363636 10
1747167812252 62.51666666666666 11
1747168849610 62.30769230769231 12
1747169910085 61.52857142857142 13
1747170928221 62.02666666666666 14
1747171982518 59.550000000000004 15
1747172991887 59.8235294117647 16
1747174057697 59.67777777777777 17
1747175051852 57.38947368421053 18
1747176110827 56.29 19
