1746832635481 78.2 0
1746833541611 51.6 1
1746834448044 51.6 2
1746835353120 46.2 3
1746836258555 42.4 4
1746837164403 32.2 5
1746838068783 37.4 6
1746838974473 34.4 7
1746839880422 35.0 8
1746840785791 31.6 9
1746841691689 31.2 10
1746842599014 30.599999999999998 11
1746843505974 29.599999999999998 12
1746844415330 28.4 13
1746845333985 27.200000000000003 14
1746846255107 26.8 15
1746847172547 28.799999999999997 16
1746848090455 27.200000000000003 17
1746849009994 23.799999999999997 18
1746849930673 27.400000000000002 19
