1746832635461 78.2 0
1746833541583 45.2 1
1746834448009 46.0 2
1746835353077 36.7 3
1746836258500 31.839999999999996 4
1746837164340 26.333333333333332 5
1746838068713 23.657142857142862 6
1746838974392 23.349999999999998 7
1746839880333 22.755555555555556 8
1746840785693 21.78 9
1746841691580 18.345454545454547 10
1746842598894 17.349999999999998 11
1746843505840 14.784615384615385 12
1746844415181 15.285714285714286 13
1746845333824 13.626666666666667 14
1746846254936 13.274999999999999 15
1746847172346 10.75294117647059 16
1746848090251 10.68888888888889 17
1746849009776 12.073684210526316 18
