1746832635468 78.2 0
1746833541590 60.2 1
1746834448016 67.0 2
1746835353084 60.85000000000001 3
1746836258508 57.56 4
1746837164348 50.79999999999999 5
1746838068721 53.314285714285724 6
1746838974401 51.475 7
1746839880341 49.91111111111111 8
1746840785701 48.86 9
1746841691588 48.709090909090904 10
1746842598903 46.81666666666666 11
1746843505849 47.46153846153846 12
1746844415191 47.27142857142858 13
1746845333834 46.29333333333334 14
1746846254945 43.337500000000006 15
1746847172356 42.90588235294118 16
1746848090262 43.29999999999999 17
1746849009787 41.69473684210526 18
1746849930451 40.65 19
