1746976134447 73.6 0
1746976726214 66.60000000000001 1
1746977321674 68.60000000000001 2
1746977913496 58.599999999999994 3
1746978505460 50.0 4
1746979099294 56.599999999999994 5
1746979692935 52.0 6
1746980286721 49.6 7
1746980882087 52.6 8
1746981477356 50.4 9
1746982073351 45.0 10
1746982669659 44.6 11
1746983267731 36.199999999999996 12
1746983870122 35.8 13
1746984479970 37.0 14
1746985088492 38.800000000000004 15
1746985698469 36.8 16
1746986308635 35.0 17
1746986919709 34.2 18
1746987527415 36.6 19
