1746976726206 57.4 0
1746977321655 46.2 1
1746977913471 34.599999999999994 2
1746978505430 27.400000000000002 3
1746979099256 18.6 4
1746979692889 17.2 5
1746980286665 15.4 6
1746980882022 16.0 7
1746981477282 14.799999999999999 8
1746982073265 11.0 9
1746982669564 9.6 10
1746983267625 7.8 11
1746983870005 7.8 12
1746984479841 11.0 13
1746985088347 7.199999999999999 14
1746985698309 5.6000000000000005 15
1746986308466 7.000000000000001 16
1746986919521 6.4 17
1746987527214 3.4000000000000004 18
