1746976134426 73.6 0
1746976726185 53.8 1
1746977321612 50.666666666666664 2
1746977913434 41.400000000000006 3
1746978505408 35.44000000000001 4
1746979099233 32.56666666666666 5
1746979692865 29.257142857142856 6
1746980286641 27.5 7
1746980881981 26.533333333333335 8
1746981477256 24.440000000000005 9
1746982073239 22.418181818181814 10
1746982669521 21.533333333333335 11
1746983267579 19.415384615384617 12
1746983869978 18.0 13
1746984479813 16.333333333333332 14
1746985088318 16.137500000000003 15
1746985698279 15.564705882352943 16
1746986308436 14.222222222222221 17
1746986919489 14.136842105263156 18
1746987527182 12.56 19
