1746976134433 73.6 0
1746976726192 65.7 1
1746977321627 69.26666666666667 2
1746977913447 66.4 3
1746978505416 63.24000000000001 4
1746979099241 60.76666666666667 5
1746979692873 61.371428571428574 6
1746980286649 59.925000000000004 7
1746980881995 61.266666666666666 8
1746981477265 59.739999999999995 9
1746982073248 59.654545454545456 10
1746982669536 58.416666666666664 11
1746983267595 57.276923076923076 12
1746983869987 57.39999999999999 13
1746984479823 55.53333333333333 14
1746985088327 56.1375 15
1746985698290 55.705882352941174 16
1746986308446 53.56666666666667 17
1746986919500 55.526315789473685 18
1746987527193 53.71 19
