1746654962471 66.8 0
1746655526480 69.2 1
1746656101182 69.86666666666667 2
1746656683866 66.45 3
1746657269370 63.0 4
1746657856256 64.93333333333334 5
1746658443500 63.714285714285715 6
1746659030389 60.75 7
1746659619669 59.733333333333334 8
1746660209201 57.2 9
1746660800249 54.800000000000004 10
1746661391585 55.38333333333333 11
1746661984322 53.58461538461539 12
1746662564398 55.471428571428575 13
1746663154943 55.48000000000001 14
1746663733988 55.525 15
1746664307688 55.48235294117647 16
1746664880610 54.988888888888894 17
1746665455879 53.69473684210526 18
1746666045038 52.52 19
