1746654962465 66.8 0
1746655526473 48.699999999999996 1
1746656101176 43.93333333333334 2
1746656683859 32.85 3
1746657269363 27.839999999999996 4
1746657856249 24.76666666666667 5
1746658443493 20.2 6
1746659030381 15.200000000000001 7
1746659619647 17.177777777777777 8
1746660209194 12.6 9
1746660800241 12.454545454545455 10
1746661391577 9.950000000000001 11
1746661984314 9.830769230769231 12
1746662564389 9.314285714285713 13
1746663154934 8.68 14
1746663733979 7.8125 15
1746664307678 7.329411764705882 16
1746664880600 8.066666666666666 17
1746665455870 7.294736842105263 18
1746666045028 5.31 19
