1746456918311 86.8 0
1746457491856 76.0 1
1746458066338 72.8 2
1746458641022 70.19999999999999 3
1746459219722 68.8 4
1746459800319 66.60000000000001 5
1746460380867 63.0 6
1746460964043 62.2 7
1746461543709 57.599999999999994 8
1746462122162 60.4 9
1746462704304 52.800000000000004 10
1746463286668 52.400000000000006 11
1746463867995 51.4 12
1746464453521 53.400000000000006 13
1746465044875 48.8 14
1746465628459 47.199999999999996 15
1746466213434 53.400000000000006 16
1746466798424 49.8 17
1746467384719 48.199999999999996 18
