1746456337160 76.6 0
1746456918287 77.5 1
1746457491824 72.53333333333333 2
1746458066299 69.8 3
1746458640976 67.67999999999999 4
1746459219664 65.7 5
1746459800255 66.05714285714285 6
1746460380793 64.05 7
1746460963963 65.77777777777777 8
1746461543618 64.03999999999999 9
1746462122062 64.60000000000001 10
1746462704192 62.699999999999996 11
1746463286546 60.12307692307692 12
1746463867862 61.214285714285715 13
1746464453371 62.09333333333333 14
1746465044716 59.3375 15
1746465628282 59.741176470588236 16
1746466213244 59.800000000000004 17
