1746456337153 76.6 0
1746456918280 59.900000000000006 1
1746457491818 41.2 2
1746458066293 31.85 3
1746458640969 28.0 4
1746459219656 24.666666666666668 5
1746459800248 20.457142857142856 6
1746460380786 18.349999999999998 7
1746460963956 18.333333333333332 8
1746461543611 16.4 9
1746462122054 13.636363636363637 10
1746462704184 13.233333333333334 11
1746463286538 11.015384615384617 12
1746463867853 11.057142857142859 13
1746464453362 9.666666666666666 14
1746465044707 9.7 15
1746465628272 8.823529411764707 16
