1746848391462 40.0 0
1746848982128 59.199999999999996 1
1746849572664 39.800000000000004 2
1746850165149 34.2 3
1746850756793 30.599999999999998 4
1746851348080 31.2 5
1746851939701 31.2 6
1746852530898 26.0 7
1746853124748 28.599999999999998 8
1746853720494 24.0 9
1746854322179 20.0 10
1746854919453 22.400000000000002 11
1746855517492 23.200000000000003 12
1746856117130 22.8 13
1746856715513 16.2 14
1746857310857 20.8 15
1746857912259 16.6 16
1746858510502 16.0 17
1746859108925 14.399999999999999 18
1746859707180 18.2 19
