1746849572698 55.2 0
1746850165192 63.800000000000004 1
1746850756845 62.6 2
1746851348139 64.2 3
1746851939770 59.199999999999996 4
1746852530975 57.199999999999996 5
1746853124838 57.8 6
1746853720592 55.00000000000001 7
1746854322288 53.0 8
1746854919572 55.2 9
1746855517623 54.800000000000004 10
1746856117272 56.599999999999994 11
1746856715676 54.6 12
1746857311030 54.400000000000006 13
1746857912448 55.60000000000001 14
1746858510704 55.800000000000004 15
1746859109139 56.00000000000001 16
1746859707417 54.6 17
