1746848391456 40.0 0
1746848982121 79.9 1
1746849572657 63.26666666666667 2
1746850165142 70.55000000000001 3
1746850756786 69.79999999999998 4
1746851348072 74.43333333333332 5
1746851939694 70.48571428571428 6
1746852530890 69.775 7
1746853124739 68.97777777777777 8
1746853720485 67.74 9
1746854322167 65.85454545454544 10
1746854919445 67.16666666666667 11
1746855517483 66.36923076923077 12
1746856117121 67.15714285714286 13
1746856715503 66.2 14
1746857310847 65.5 15
1746857912249 64.91764705882352 16
