1746848391477 44.1 0
1746848982156 94.72 1
1746849572705 67.36 2
1746850165206 80.72 3
1746850756866 75.7 4
1746851348170 87.56 5
1746851939808 89.75999999999999 6
1746852531022 89.56 7
1746853124895 92.44 8
1746853720658 85.84 9
1746854322363 86.9 10
1746854919658 83.91999999999999 11
1746855517721 79.86 12
1746856117381 67.42 13
1746856715795 82.89999999999999 14
1746857311166 66.02 15
1746857912603 56.24 16
1746858510863 68.46 17
1746859109315 63.839999999999996 18
1746859707610 28.139999999999997 19
