1746013300952 76.6 0
1746013883436 57.0 1
1746014472663 42.13333333333333 2
1746015053897 29.950000000000003 3
1746015632911 27.4 4
1746016207625 23.46666666666667 5
1746016783314 19.8 6
1746017364093 17.85 7
1746017947089 17.22222222222222 8
1746018531609 15.719999999999999 9
1746019110815 13.47272727272727 10
1746019691103 12.800000000000002 11
1746020271451 11.107692307692306 12
1746020853671 10.528571428571427 13
1746021436166 9.133333333333333 14
1746022020140 8.700000000000001 15
1746022603793 7.729411764705882 16
1746023187885 7.5 17
1746023774527 6.894736842105263 18
1746024361438 6.220000000000001 19
