1746013300965 76.6 0
1746013883442 76.4 1
1746014472669 72.8 2
1746015053904 70.05 3
1746015632918 69.0 4
1746016207632 67.26666666666667 5
1746016783321 66.4 6
1746017364114 64.15 7
1746017947097 65.53333333333335 8
1746018531617 64.08 9
1746019110823 63.23636363636363 10
1746019691111 61.783333333333324 11
1746020271459 61.73846153846154 12
1746020853680 61.557142857142864 13
1746021436174 60.94666666666667 14
1746022020149 58.95 15
1746022603802 58.92941176470588 16
1746023187895 59.72222222222222 17
1746023774537 57.78947368421053 18
