1746503918141 77.0 0
1746504496414 68.60000000000001 1
1746505073324 68.60000000000001 2
1746505649557 63.0 3
1746506226494 62.8 4
1746506806138 63.800000000000004 5
1746507385060 59.8 6
1746507965607 59.8 7
1746508546148 58.599999999999994 8
1746509129173 59.8 9
1746509710848 57.8 10
1746510292999 59.199999999999996 11
1746510875798 55.60000000000001 12
1746511460413 52.6 13
1746512043418 54.800000000000004 14
1746512628133 53.400000000000006 15
1746513215040 54.400000000000006 16
1746513801383 54.2 17
