1746503342393 78.4 0
1746503918109 58.8 1
1746504496375 48.13333333333333 2
1746505073279 37.5 3
1746505649503 29.96 4
1746506226432 27.5 5
1746506806068 23.74285714285714 6
1746507384982 21.725 7
1746507965518 20.22222222222222 8
1746508546047 16.46 9
1746509129065 15.236363636363636 10
1746509710728 14.5 11
1746510292869 13.123076923076924 12
1746510875656 11.77142857142857 13
1746511460240 11.226666666666667 14
1746512043251 11.0875 15
1746512627948 9.764705882352942 16
1746513214843 9.244444444444445 17
1746513801172 7.978947368421053 18
