1746503342404 78.4 0
1746503918116 77.4 1
1746504496382 72.73333333333335 2
1746505073285 71.10000000000001 3
1746505649510 69.8 4
1746506226439 69.36666666666666 5
1746506806075 68.94285714285714 6
1746507384989 69.525 7
1746507965526 69.28888888888889 8
1746508546055 67.58000000000001 9
1746509129073 68.47272727272728 10
1746509710736 67.21666666666665 11
1746510292877 66.0153846153846 12
1746510875664 65.84285714285714 13
1746511460249 65.68 14
1746512043260 64.8 15
1746512627958 63.705882352941174 16
1746513214853 62.86666666666666 17
1746513801182 64.16842105263157 18
