1746814368794 81.8 0
1746814953904 72.39999999999999 1
1746815542600 71.39999999999999 2
1746816131051 71.2 3
1746816717649 65.2 4
1746817309709 63.6 5
1746817902692 64.4 6
1746818493662 67.2 7
1746819086553 64.0 8
1746819679839 61.199999999999996 9
1746820271476 57.199999999999996 10
1746820863290 58.199999999999996 11
1746821454713 58.599999999999994 12
1746822047644 56.599999999999994 13
1746822643673 52.400000000000006 14
1746823238133 51.800000000000004 15
1746823839113 56.8 16
1746824439348 49.2 17
