1746813782824 68.8 0
1746814368766 70.6 1
1746814953866 71.66666666666667 2
1746815542557 69.5 3
1746816130998 68.0 4
1746816717590 66.23333333333333 5
1746817309605 65.42857142857143 6
1746817902615 64.25 7
1746818493571 66.33333333333333 8
1746819086455 65.0 9
1746819679729 65.67272727272727 10
1746820271355 64.11666666666666 11
1746820863142 63.0 12
1746821454559 61.74285714285715 13
1746822047488 59.93333333333332 14
1746822643499 61.1625 15
1746823237921 60.97647058823529 16
1746823838916 61.32222222222223 17
1746824439135 58.27368421052633 18
1746825040514 58.29 19
