1746813782817 68.8 0
1746814368759 61.5 1
1746814953859 53.73333333333333 2
1746815542550 43.1 3
1746816130991 41.92 4
1746816717583 35.666666666666664 5
1746817309597 31.771428571428572 6
1746817902607 29.324999999999996 7
1746818493563 29.599999999999998 8
1746819086446 27.579999999999995 9
1746819679720 26.218181818181815 10
1746820271347 26.083333333333332 11
1746820863133 23.01538461538462 12
1746821454550 21.714285714285715 13
1746822047479 18.973333333333336 14
1746822643489 19.775 15
1746823237900 19.141176470588235 16
1746823838906 17.144444444444446 17
1746824439124 15.536842105263156 18
1746825040503 14.6 19
