1746813782844 92.92 0
1746814368800 90.96 1
1746814953918 90.62 2
1746815542621 90.03999999999999 3
1746816131080 92.34 4
1746816717686 88.3 5
1746817309774 91.92 6
1746817902746 84.76 7
1746818493726 86.58 8
1746819086627 90.62 9
1746819679923 84.46000000000001 10
1746820271570 83.89999999999999 11
1746820863404 81.04 12
1746821454829 79.97999999999999 13
1746822047774 58.699999999999996 14
1746822643819 81.08 15
1746823238289 76.62 16
1746823839284 49.4 17
1746824439531 49.919999999999995 18
1746825040952 25.44 19
