1746716122552 76.6 0
1746716784175 59.2 1
1746717453147 41.2 2
1746718131679 32.900000000000006 3
1746718811444 26.359999999999996 4
1746719492192 22.7 5
1746720173919 19.657142857142862 6
1746720853992 17.525000000000002 7
1746721521560 17.88888888888889 8
1746722206098 15.160000000000002 9
1746722891398 13.618181818181819 10
1746723577044 13.5 11
1746724263916 10.96923076923077 12
1746724951538 10.714285714285714 13
1746725638758 9.906666666666666 14
1746726327149 9.0 15
1746727018114 8.058823529411764 16
1746727709933 7.866666666666668 17
1746728402364 7.221052631578947 18
1746729095716 6.12 19
