1746716122558 76.6 0
1746716784182 76.5 1
1746717453162 71.86666666666667 2
1746718131686 69.75 3
1746718811459 67.11999999999999 4
1746719492199 65.13333333333333 5
1746720173927 66.05714285714286 6
1746720853999 64.825 7
1746721521567 65.1111111111111 8
1746722206106 61.82000000000001 9
1746722891406 64.83636363636363 10
1746723577052 62.599999999999994 11
1746724263931 63.415384615384625 12
1746724951558 60.37142857142857 13
1746725638767 61.413333333333334 14
1746726327158 58.25 15
1746727018123 59.90588235294118 16
1746727709943 60.333333333333336 17
1746728402374 57.86315789473684 18
1746729095727 57.410000000000004 19
