1747043201518 68.8 0
1747044196806 63.4 1
1747045192168 49.06666666666666 2
1747046191702 39.4 3
1747047181424 35.08 4
1747048171915 31.76666666666667 5
1747049166261 28.657142857142862 6
1747050174592 25.675 7
1747051173277 26.644444444444446 8
1747052170343 23.979999999999997 9
1747053187765 15.090909090909092 10
1747054181489 20.583333333333332 11
1747055165643 19.846153846153847 12
1747056175832 18.585714285714285 13
1747057176244 20.240000000000002 14
1747058180370 17.0625 15
1747059183509 15.341176470588236 16
1747060193189 15.700000000000001 17
