1746941087332 45.4 0
1746941671857 59.599999999999994 1
1746942258386 51.0 2
1746942843298 42.8 3
1746943429097 43.4 4
1746944015598 46.2 5
1746944602117 39.800000000000004 6
1746945188822 37.6 7
1746945776364 30.4 8
1746946365254 36.8 9
1746946953230 35.199999999999996 10
1746947542557 35.0 11
1746948148115 34.8 12
1746948754495 34.4 13
1746949360891 33.800000000000004 14
1746949969130 28.199999999999996 15
1746950577659 28.000000000000004 16
1746951186153 23.799999999999997 17
1746951795446 24.6 18
1746952403625 26.200000000000003 19
