1746941087312 45.4 0
1746941671829 55.5 1
1746942258350 50.6 2
1746942843254 39.4 3
1746943429044 37.4 4
1746944015536 34.63333333333333 5
1746944602047 30.02857142857143 6
1746945188741 25.775000000000002 7
1746945776275 22.733333333333334 8
1746946365152 23.900000000000002 9
1746946953120 20.854545454545455 10
1746947542435 20.3 11
1746948147980 19.476923076923075 12
1746948754350 19.214285714285715 13
1746949360731 19.0 14
1746949968958 17.25 15
1746950577472 16.494117647058825 16
1746951185950 16.58888888888889 17
1746951795202 15.073684210526315 18
1746952403370 13.580000000000002 19
