1746941087319 45.4 0
1746941671836 67.0 1
1746942258357 68.39999999999999 2
1746942843261 62.85 3
1746943429051 63.36 4
1746944015544 64.96666666666665 5
1746944602055 62.82857142857143 6
1746945188749 61.324999999999996 7
1746945776283 54.37777777777778 8
1746946365161 58.220000000000006 9
1746946953128 55.92727272727272 10
1746947542444 57.18333333333334 11
1746948147989 54.95384615384616 12
1746948754359 57.17142857142858 13
1746949360740 57.839999999999996 14
1746949968968 55.75 15
1746950577483 57.23529411764706 16
1746951185961 56.5 17
1746951795225 55.82105263157896 18
1746952403394 55.69 19
