1746941087346 54.339999999999996 0
1746941671878 99.98 1
1746942258415 100.0 2
1746942843336 99.28 3
1746943429143 100.0 4
1746944015652 100.0 5
1746944602180 100.0 6
1746945188896 100.0 7
1746945776446 99.03999999999999 8
1746946365347 100.0 9
1746946953332 99.94 10
1746947542669 99.98 11
1746948148240 99.96000000000001 12
1746948754634 99.98 13
1746949361041 100.0 14
1746949969298 99.98 15
1746950577836 99.96000000000001 16
1746951186345 99.96000000000001 17
1746951795653 99.83999999999999 18
1746952403851 99.86 19
