1746941087339 54.339999999999996 0
1746941671871 96.0 1
1746942258408 95.02000000000001 2
1746942843328 90.48 3
1746943429135 96.1 4
1746944015644 90.10000000000001 5
1746944602172 87.92 6
1746945188888 94.0 7
1746945776438 87.6 8
1746946365338 87.52 9
1746946953324 89.72 10
1746947542661 89.86 11
1746948148231 84.36 12
1746948754624 85.68 13
1746949361031 80.78 14
1746949969289 85.36 15
1746950577826 59.160000000000004 16
1746951186335 66.08000000000001 17
1746951795643 56.24 18
1746952403840 23.380000000000003 19
