1747169441909 78.0 0
1747170346358 80.30000000000001 1
1747171255926 71.39999999999999 2
1747172159445 75.05 3
1747173063974 74.76 4
1747173970448 64.66666666666667 5
1747174879478 69.25714285714285 6
1747175793806 66.575 7
1747176710452 68.15555555555555 8
1747177626859 57.98 9
1747178536982 57.690909090909095 10
1747179450941 63.866666666666674 11
1747180363654 64.20000000000002 12
1747181282158 62.800000000000004 13
1747182206026 63.12 14
1747183129029 61.9375 15
1747184048820 60.71764705882353 16
1747184964977 60.233333333333334 17
1747185881568 59.78947368421053 18
1747186799780 58.92999999999999 19
