1746770575171 78.4 0
1746771235837 71.0 1
1746771895864 68.0 2
1746772557761 66.4 3
1746773220595 61.199999999999996 4
1746773883643 59.8 5
1746774546604 57.599999999999994 6
1746775224477 57.199999999999996 7
1746775907692 56.599999999999994 8
1746776591744 56.599999999999994 9
1746777275359 53.2 10
1746777961569 52.0 11
1746778648340 48.4 12
1746779335471 44.4 13
1746780023303 50.2 14
1746780712590 50.6 15
1746781403158 42.8 16
1746782094569 47.599999999999994 17
1746782786605 49.2 18
1746783479878 44.2 19
