1746770575158 78.4 0
1746771235817 69.0 1
1746771895837 70.2 2
1746772557727 68.15 3
1746773220552 66.08 4
1746773883593 66.60000000000001 5
1746774546546 64.22857142857143 6
1746775224410 64.125 7
1746775907616 63.86666666666666 8
1746776591638 61.82000000000001 9
1746777275246 62.81818181818182 10
1746777961445 61.04999999999999 11
1746778648205 60.9076923076923 12
1746779335341 60.285714285714285 13
1746780023158 60.680000000000014 14
1746780712433 60.5 15
1746781402991 53.25882352941177 16
1746782094384 56.84444444444444 17
1746782786408 58.031578947368416 18
1746783479666 55.5 19
