1746770575152 78.4 0
1746771235810 52.7 1
1746771895830 45.53333333333333 2
1746772557720 35.150000000000006 3
1746773220545 27.0 4
1746773883586 25.03333333333333 5
1746774546538 19.97142857142857 6
1746775224402 18.825 7
1746775907608 16.155555555555555 8
1746776591620 14.059999999999999 9
1746777275228 12.890909090909092 10
1746777961426 12.5 11
1746778648185 11.292307692307693 12
1746779335332 10.5 13
1746780023149 9.293333333333333 14
1746780712424 9.1625 15
1746781402981 7.188235294117647 16
1746782094374 7.633333333333334 17
1746782786398 6.589473684210527 18
1746783479656 6.519999999999999 19
