1746813805545 68.8 0
1746814394205 66.8 1
1746814981139 63.800000000000004 2
1746815568289 64.8 3
1746816155893 65.8 4
1746816743133 64.60000000000001 5
1746817331269 64.60000000000001 6
1746817920443 59.599999999999994 7
1746818510477 64.2 8
1746819100238 61.0 9
1746819690592 62.0 10
1746820280955 57.4 11
1746820872742 57.199999999999996 12
1746821463647 56.00000000000001 13
1746822056693 59.8 14
1746822651479 55.00000000000001 15
1746823245315 56.8 16
1746823838536 56.8 17
1746824432195 55.60000000000001 18
