1746813805521 68.8 0
1746814394184 74.8 1
1746814981111 72.06666666666666 2
1746815568235 70.45 3
1746816155848 69.03999999999999 4
1746816743081 69.83333333333333 5
1746817331209 70.65714285714286 6
1746817920357 68.5 7
1746818510395 69.15555555555554 8
1746819100146 68.52000000000001 9
1746819690487 68.27272727272728 10
1746820280842 68.48333333333333 11
1746820872619 67.92307692307693 12
1746821463511 67.51428571428572 13
1746822056544 67.72 14
1746822651315 62.574999999999996 15
1746823245123 65.97647058823529 16
1746823838348 64.97777777777779 17
1746824431986 65.38947368421051 18
1746825025242 64.29999999999998 19
