1746813805506 68.8 0
1746814394173 64.5 1
1746814981103 52.6 2
1746815568227 44.099999999999994 3
1746816155840 40.76 4
1746816743073 40.300000000000004 5
1746817331201 36.714285714285715 6
1746817920349 33.825 7
1746818510387 32.86666666666667 8
1746819100138 31.540000000000003 9
1746819690478 30.38181818181818 10
1746820280833 29.066666666666666 11
1746820872610 26.95384615384615 12
1746821463502 26.085714285714285 13
1746822056535 25.69333333333333 14
1746822651306 20.3 15
1746823245113 23.38823529411765 16
1746823838338 20.9 17
1746824431976 21.25263157894737 18
