1746814392157 78.2 0
1746815297451 53.8 1
1746816203140 50.06666666666666 2
1746817109452 38.95 3
1746818018316 36.8 4
1746818925285 34.96666666666666 5
1746819832748 27.599999999999998 6
1746820739458 27.075 7
1746821646385 24.666666666666668 8
1746822558293 24.76 9
1746823472465 21.563636363636363 10
1746824384741 18.416666666666668 11
1746825300316 15.446153846153846 12
1746826213356 16.2 13
1746827132463 16.946666666666665 14
1746828046290 15.2375 15
1746828958864 11.75294117647059 16
1746829872352 12.277777777777779 17
1746830792550 11.68421052631579 18
