1746886658173 78.2 0
1746887562675 73.6 1
1746888466815 68.46666666666668 2
1746889371319 70.15 3
1746890276444 67.08000000000001 4
1746891171252 65.93333333333334 5
1746892065365 55.8 6
1746892973266 62.075 7
1746893882534 63.53333333333333 8
1746894792965 49.879999999999995 9
1746895704238 59.32727272727273 10
1746896602290 59.25 11
1746897500554 57.84615384615385 12
1746898399362 57.228571428571435 13
1746899311631 54.21333333333333 14
1746900227224 53.849999999999994 15
1746901143507 55.23529411764706 16
1746902059651 52.56666666666667 17
1746902977219 53.210526315789465 18
1746903896517 52.660000000000004 19
