1746886658194 98.11999999999999 0
1746887562711 94.04 1
1746888466865 89.94 2
1746889371386 99.02 3
1746890276526 96.22 4
1746891171374 93.12 5
1746892065488 69.28 6
1746892973400 93.24 7
1746893882687 91.86 8
1746894793140 66.14 9
1746895704433 98.9 10
1746896602509 98.83999999999999 11
1746897500806 95.89999999999999 12
1746898399628 91.38 13
1746899311923 85.7 14
1746900227547 94.67999999999999 15
1746901143851 99.68 16
1746902060023 96.48 17
1746902977630 89.18 18
1746903896965 99.46000000000001 19
