1746886658201 98.11999999999999 0
1746887562719 96.36 1
1746888466872 93.47999999999999 2
1746889371393 99.98 3
1746890276534 99.94 4
1746891171381 99.98 5
1746892065497 74.64 6
1746892973408 99.94 7
1746893882696 99.72 8
1746894793149 71.5 9
1746895704441 100.0 10
1746896602517 100.0 11
1746897500815 100.0 12
1746898399637 100.0 13
1746899311935 88.46000000000001 14
1746900227557 98.61999999999999 15
1746901143864 99.96000000000001 16
1746902060033 99.74 17
1746902977640 99.92 18
1746903896976 99.98 19
