1746479820990 77.8 0
1746480399824 28.799999999999997 1
1746480978109 28.000000000000004 2
1746481557284 23.400000000000002 3
1746482143615 15.2 4
1746482730147 13.4 5
1746483316261 10.6 6
1746483897530 11.4 7
1746484480507 7.000000000000001 8
1746485069636 7.8 9
1746485659400 8.799999999999999 10
1746486250448 8.0 11
1746486841747 2.1999999999999997 12
1746487431337 3.0 13
1746488019424 3.0 14
1746488606795 3.5999999999999996 15
1746489197290 2.0 16
1746489793771 2.8000000000000003 17
1746490389984 2.1999999999999997 18
1746490988665 2.1999999999999997 19
