1746479820977 77.8 0
1746480399812 48.9 1
1746480978097 47.4 2
1746481557271 40.2 3
1746482143601 35.56 4
1746482730134 31.833333333333332 5
1746483316237 24.371428571428574 6
1746483897515 20.575000000000003 7
1746484480493 16.422222222222224 8
1746485069610 16.720000000000002 9
1746485659384 15.67272727272727 10
1746486250432 15.75 11
1746486841731 11.446153846153845 12
1746487431320 12.928571428571429 13
1746488019407 11.520000000000001 14
1746488606777 11.0625 15
1746489197258 10.047058823529412 16
1746489793752 9.066666666666666 17
1746490389964 8.778947368421052 18
1746490988645 8.120000000000001 19
