1746479820984 77.8 0
1746480399818 67.3 1
1746480978103 76.8 2
1746481557277 75.5 3
1746482143608 75.2 4
1746482730141 74.23333333333333 5
1746483316249 73.20000000000002 6
1746483897523 71.19999999999999 7
1746484480500 67.6888888888889 8
1746485069623 69.44000000000003 9
1746485659392 70.29090909090907 10
1746486250440 68.78333333333335 11
1746486841739 67.84615384615384 12
1746487431329 66.24285714285715 13
1746488019415 66.65333333333335 14
1746488606786 66.375 15
1746489197274 65.71764705882352 16
1746489793762 64.72222222222223 17
1746490389974 64.73684210526316 18
