1712782836899 91.2 0
1712783250069 77.7 1
1712783671675 69.86666666666667 2
1712784109622 66.85000000000001 3
1712784556028 63.720000000000006 4
1712784857032 59.699999999999996 5
1712785164546 56.28571428571428 6
1712785480694 54.95 7
1712785806537 53.355555555555554 8
1712786143783 49.699999999999996 9
1712786491360 47.45454545454545 10
1712786851640 45.366666666666674 11
1712787224834 44.01538461538461 12
1712787611662 42.78571428571428 13
1712788012083 41.21333333333334 14
1712788428796 41.087500000000006 15
1712788862481 40.22352941176471 16
1712789309931 38.55555555555555 17
1712789775924 35.83157894736843 18
1712790259273 35.50000000000001 19
