1712782836916 91.2 0
1712783250087 90.30000000000001 1
1712783671692 88.06666666666666 2
1712784109628 87.44999999999999 3
1712784556046 87.8 4
1712784857039 86.09999999999998 5
1712785164563 84.6857142857143 6
1712785480701 84.975 7
1712785806555 83.64444444444445 8
1712786143791 82.0 9
1712786491368 81.92727272727272 10
1712786851658 80.91666666666667 11
1712787224852 81.23076923076923 12
1712787611678 80.92857142857143 13
1712788012102 80.72 14
1712788428804 80.95 15
1712788862489 81.07058823529412 16
1712789309940 81.13333333333334 17
1712789775944 80.70526315789475 18
1712790259292 80.53999999999999 19
