1746491521224 68.8 0
1746492108196 50.3 1
1746492695079 43.46666666666666 2
1746493282870 34.15 3
1746493871054 28.560000000000002 4
1746494459165 25.7 5
1746495048751 22.74285714285714 6
1746495639032 17.575000000000003 7
1746496231252 18.95555555555556 8
1746496823450 15.02 9
1746497415826 13.654545454545454 10
1746498009795 12.366666666666665 11
1746498604567 11.646153846153844 12
1746499199591 10.0 13
1746499795322 9.813333333333334 14
1746500391862 9.0125 15
1746500989817 8.588235294117647 16
1746501587900 8.788888888888888 17
1746502187203 8.157894736842104 18
1746502784307 6.26 19
