1746491521231 68.8 0
1746492108203 70.1 1
1746492695086 69.39999999999999 2
1746493282877 67.4 3
1746493871061 65.36 4
1746494459172 66.13333333333334 5
1746495048759 65.28571428571428 6
1746495639040 63.7 7
1746496231259 61.71111111111112 8
1746496823458 59.760000000000005 9
1746497415833 59.10909090909092 10
1746498009803 60.31666666666666 11
1746498604575 60.46153846153846 12
1746499199600 60.814285714285724 13
1746499795331 60.93333333333333 14
1746500391871 59.8 15
1746500989827 61.36470588235294 16
1746501587909 59.766666666666666 17
