1747151024048 78.2 0
1747151928108 48.8 1
1747152837975 39.2 2
1747153749331 39.0 3
1747154665593 36.8 4
1747155576933 24.4 5
1747156487768 25.8 6
1747157399419 27.0 7
1747158313119 25.4 8
1747159226713 23.799999999999997 9
1747160141932 16.8 10
1747161061973 24.6 11
1747161981835 19.400000000000002 12
1747162901324 24.8 13
1747163822638 25.0 14
1747164744610 18.2 15
1747165662570 23.200000000000003 16
1747166582007 23.400000000000002 17
1747167501366 27.400000000000002 18
1747168425272 13.4 19
