1747151024040 78.2 0
1747151928101 68.4 1
1747152837968 72.46666666666667 2
1747153749323 71.2 3
1747154665585 68.35999999999999 4
1747155576925 65.63333333333334 5
1747156487760 65.62857142857143 6
1747157399411 63.55 7
1747158313110 64.17777777777778 8
1747159226705 64.28 9
1747160141923 62.127272727272725 10
1747161061964 61.76666666666667 11
1747161981825 60.400000000000006 12
1747162901314 61.57142857142858 13
1747163822629 62.080000000000005 14
1747164744600 60.0125 15
1747165662560 58.635294117647064 16
1747166581996 58.96666666666667 17
1747167501355 58.1578947368421 18
1747168425261 56.459999999999994 19
