1747151024033 78.2 0
1747151928093 57.3 1
1747152837960 50.4 2
1747153749315 43.95 3
1747154665577 40.279999999999994 4
1747155576904 35.96666666666667 5
1747156487751 30.08571428571429 6
1747157399403 29.475 7
1747158313102 27.733333333333334 8
1747159226696 27.4 9
1747160141914 22.545454545454547 10
1747161061954 22.883333333333336 11
1747161981816 17.815384615384612 12
1747162901305 19.72857142857143 13
1747163822619 20.4 14
1747164744590 16.175 15
1747165662549 17.27058823529412 16
1747166581985 17.555555555555557 17
1747167501344 16.74736842105263 18
1747168425249 13.27 19
