1747151024069 100.0 0
1747151928144 87.03999999999999 1
1747152838027 99.94 2
1747153749400 100.0 3
1747154665680 100.0 4
1747155577038 99.86 5
1747156487892 99.98 6
1747157399571 99.82 7
1747158313279 99.96000000000001 8
1747159226893 100.0 9
1747160142138 97.86 10
1747161062214 99.86 11
1747161982086 96.08 12
1747162901598 99.96000000000001 13
1747163822942 99.96000000000001 14
1747164744939 100.0 15
1747165662932 99.98 16
1747166582400 99.96000000000001 17
1747167501789 99.96000000000001 18
1747168425720 99.88 19
