1746850392120 74.2 0
1746851282198 73.0 1
1746852173730 69.0 2
1746853069568 64.60000000000001 3
1746853966607 62.8 4
1746854860154 58.4 5
1746855757847 56.599999999999994 6
1746856661487 56.99999999999999 7
1746857565257 55.2 8
1746858462706 57.199999999999996 9
1746859367675 48.199999999999996 10
1746860269853 43.6 11
1746861177360 44.800000000000004 12
1746862084594 48.0 13
1746862996364 44.800000000000004 14
1746863904634 46.0 15
1746864817054 41.199999999999996 16
1746865729544 49.2 17
1746866642938 47.599999999999994 18
1746867555500 44.0 19
