1746850392106 74.2 0
1746851282176 79.5 1
1746852173702 77.4 2
1746853069532 75.35000000000001 3
1746853966563 71.43999999999998 4
1746854860101 69.7 5
1746855757785 69.48571428571428 6
1746856661415 66.325 7
1746857565175 64.13333333333334 8
1746858462615 64.38 9
1746859367573 55.854545454545466 10
1746860269742 54.28333333333334 11
1746861177236 59.16923076923078 12
1746862084457 58.41428571428571 13
1746862996216 55.00000000000001 14
1746863904469 57.412499999999994 15
1746864816873 48.77647058823529 16
1746865729351 56.01111111111111 17
1746866642728 55.01052631578948 18
