1746979284406 68.8 0
1746980179330 48.199999999999996 1
1746981074758 43.0 2
1746981970135 42.199999999999996 3
1746982866435 36.4 4
1746983763819 37.8 5
1746984682039 35.8 6
1746985596546 37.0 7
1746986514590 33.0 8
1746987433518 31.0 9
1746988350377 30.2 10
1746989255480 26.8 11
1746990161390 18.8 12
1746991084897 23.599999999999998 13
1746992000572 21.2 14
1746992908504 23.200000000000003 15
1746993817030 20.599999999999998 16
1746994731046 16.400000000000002 17
1746995645437 14.399999999999999 18
