1746978390088 66.4 0
1746979284414 66.60000000000001 1
1746980179345 59.599999999999994 2
1746981074780 59.4 3
1746981970166 57.599999999999994 4
1746982866472 55.00000000000001 5
1746983763867 54.6 6
1746984682096 51.4 7
1746985596612 51.2 8
1746986514664 48.199999999999996 9
1746987433603 46.6 10
1746988350474 47.599999999999994 11
1746989255587 45.2 12
1746990161507 45.4 13
1746991085028 44.6 14
1746992000715 43.2 15
1746992908661 43.4 16
1746993817202 38.0 17
1746994731241 42.8 18
1746995645638 41.6 19
