1746979284421 72.2 0
1746980179352 71.39999999999999 1
1746981074787 66.8 2
1746981970173 65.8 3
1746982866480 67.4 4
1746983763875 63.800000000000004 5
1746984682104 60.6 6
1746985596621 60.199999999999996 7
1746986514673 61.199999999999996 8
1746987433611 58.599999999999994 9
1746988350483 59.199999999999996 10
1746989255596 57.8 11
1746990161516 51.6 12
1746991085037 55.60000000000001 13
1746992000725 54.2 14
1746992908671 56.8 15
1746993817212 52.800000000000004 16
1746994731252 55.400000000000006 17
1746995645649 49.6 18
