1746978390067 66.4 0
1746979284385 55.599999999999994 1
1746980179309 56.13333333333333 2
1746981074735 47.400000000000006 3
1746981970112 43.36 4
1746982866412 39.3 5
1746983763795 36.08571428571428 6
1746984682015 31.225 7
1746985596521 31.022222222222222 8
1746986514564 28.439999999999998 9
1746987433492 25.05454545454546 10
1746988350350 23.05 11
1746989255453 22.415384615384614 12
1746990161362 19.414285714285715 13
1746991084844 21.040000000000003 14
1746992000526 18.6625 15
1746992908474 17.541176470588237 16
1746993817000 13.333333333333332 17
1746994731014 15.31578947368421 18
1746995645405 13.530000000000001 19
