1746978390074 66.4 0
1746979284392 69.4 1
1746980179316 71.53333333333333 2
1746981074743 70.39999999999999 3
1746981970119 70.32000000000001 4
1746982866420 69.73333333333333 5
1746983763804 68.62857142857143 6
1746984682023 64.9 7
1746985596530 63.06666666666667 8
1746986514573 63.0 9
1746987433501 60.81818181818182 10
1746988350359 59.35 11
1746989255462 60.47692307692307 12
1746990161371 58.7 13
1746991084865 61.720000000000006 14
1746992000543 59.1375 15
1746992908484 60.61176470588236 16
1746993817010 55.17777777777778 17
1746994731025 58.400000000000006 18
1746995645416 55.529999999999994 19
