1746468108170 76.6 0
1746468691561 70.8 1
1746469275495 61.4 2
1746469860405 57.8 3
1746470447831 56.599999999999994 4
1746471035972 50.6 5
1746471625793 47.199999999999996 6
1746472213045 44.0 7
1746472802940 46.0 8
1746473391225 40.400000000000006 9
1746473980928 41.199999999999996 10
1746474572710 37.0 11
1746475167694 37.4 12
1746475762789 34.0 13
1746476356906 33.800000000000004 14
1746476952394 33.4 15
1746477549942 34.8 16
1746478146379 37.6 17
1746478743326 34.599999999999994 18
1746479339924 34.599999999999994 19
