1746468108158 76.6 0
1746468691542 79.1 1
1746469275470 70.53333333333332 2
1746469860371 70.3 3
1746470447792 67.12 4
1746471035911 64.2 5
1746471625737 60.45714285714286 6
1746472212978 58.99999999999999 7
1746472802864 57.37777777777777 8
1746473391143 56.54 9
1746473980823 54.599999999999994 10
1746474572605 53.03333333333333 11
1746475167580 53.12307692307692 12
1746475762651 53.3142857142857 13
1746476356769 52.64 14
1746476952230 52.162499999999994 15
1746477549776 50.976470588235294 16
1746478146200 50.06666666666667 17
1746478743133 51.0421052631579 18
1746479339714 50.21000000000001 19
