1746468108152 76.6 0
1746468691535 58.800000000000004 1
1746469275463 38.6 2
1746469860364 33.3 3
1746470447785 24.96 4
1746471035904 19.866666666666664 5
1746471625730 16.742857142857144 6
1746472212970 14.025 7
1746472802856 13.066666666666666 8
1746473391135 11.72 9
1746473980808 9.854545454545455 10
1746474572597 9.883333333333335 11
1746475167571 8.200000000000001 12
1746475762637 8.17142857142857 13
1746476356760 8.493333333333334 14
1746476952210 6.5875 15
1746477549767 5.976470588235294 16
1746478146190 5.866666666666666 17
1746478743123 6.11578947368421 18
