1746996557299 66.4 0
1746997457051 48.0 1
1746998357611 33.73333333333333 2
1746999259256 43.15 3
1747000157849 36.04 4
1747001054510 13.866666666666669 5
1747001953296 29.25714285714286 6
1747002854107 22.175 7
1747003755748 25.311111111111114 8
1747004678299 23.339999999999996 9
1747005600911 15.909090909090908 10
1747006530931 20.650000000000002 11
1747007455443 8.723076923076924 12
1747008388324 18.785714285714285 13
1747009323467 17.533333333333335 14
1747010250997 14.8125 15
1747011185113 12.75294117647059 16
1747012112947 14.733333333333336 17
1747013021294 13.242105263157892 18
1747013929613 10.65 19
