1746996557307 66.4 0
1746997457059 67.0 1
1746998357619 57.13333333333333 2
1746999259264 66.19999999999999 3
1747000157866 66.52000000000001 4
1747001054518 46.26666666666666 5
1747001953304 63.857142857142854 6
1747002854125 58.64999999999999 7
1747003755757 58.75555555555556 8
1747004678308 58.580000000000005 9
1747005600920 52.45454545454545 10
1747006530940 57.93333333333334 11
1747007455463 49.69230769230769 12
1747008388345 56.44285714285714 13
1747009323476 57.16 14
1747010251007 56.5 15
1747011185122 56.97647058823529 16
1747012112957 56.24444444444444 17
1747013021304 55.53684210526315 18
1747013929636 53.910000000000004 19
