1746996557328 96.76 0
1746997457094 99.26 1
1746998357672 84.32 2
1746999259331 99.9 3
1747000157966 98.46000000000001 4
1747001054619 45.440000000000005 5
1747001953424 99.5 6
1747002854278 96.6 7
1747003755915 99.78 8
1747004678486 99.66000000000001 9
1747005601118 82.94 10
1747006531163 97.8 11
1747007455725 81.82000000000001 12
1747008388628 99.74 13
1747009323772 99.64 14
1747010251329 99.7 15
1747011185466 99.83999999999999 16
1747012113332 98.38 17
1747013021708 99.48 18
1747013930093 97.56 19
