1746491641471 68.8 0
1746492212699 61.199999999999996 1
1746492785915 52.6 2
1746493358245 43.0 3
1746493930980 39.0 4
1746494507293 43.2 5
1746495083500 37.4 6
1746495658084 34.599999999999994 7
1746496233385 33.6 8
1746496807221 35.0 9
1746497379005 28.999999999999996 10
1746497952768 34.2 11
1746498531066 28.999999999999996 12
1746499108243 25.8 13
1746499685768 23.0 14
1746500265346 24.6 15
1746500844730 27.400000000000002 16
1746501422901 26.400000000000002 17
1746502002372 20.599999999999998 18
1746502584359 23.200000000000003 19
