1746491641453 68.8 0
1746492212673 47.0 1
1746492785883 37.800000000000004 2
1746493358206 27.45 3
1746493930933 23.119999999999997 4
1746494507237 20.133333333333333 5
1746495083437 16.314285714285713 6
1746495658012 12.299999999999999 7
1746496233304 13.533333333333333 8
1746496807131 11.879999999999999 9
1746497378904 9.854545454545455 10
1746497952657 9.016666666666666 11
1746498530946 8.846153846153847 12
1746499108110 7.914285714285714 13
1746499685623 7.613333333333332 14
1746500265186 7.15 15
1746500844556 6.68235294117647 16
1746501422714 6.555555555555555 17
