1746491641459 68.8 0
1746492212680 68.6 1
1746492785889 66.0 2
1746493358212 61.5 3
1746493930940 60.15999999999999 4
1746494507245 60.76666666666666 5
1746495083444 57.74285714285714 6
1746495658019 54.975 7
1746496233311 54.422222222222224 8
1746496807139 53.8 9
1746497378912 50.872727272727275 10
1746497952665 51.86666666666667 11
1746498530954 50.599999999999994 12
1746499108119 50.9 13
1746499685632 50.49333333333333 14
1746500265195 50.875 15
1746500844565 51.388235294117656 16
1746501422723 50.86666666666667 17
1746502002179 49.34736842105263 18
1746502584149 48.95 19
