1746906470782 87.6 0
1746907365360 74.4 1
1746908260865 70.6 2
1746909157206 64.2 3
1746910054382 64.60000000000001 4
1746910968716 60.8 5
1746911887982 59.0 6
1746912808974 52.400000000000006 7
1746913728375 56.599999999999994 8
1746914646567 52.800000000000004 9
1746915566904 51.0 10
1746916488349 56.39999999999999 11
1746917411031 52.800000000000004 12
1746918333493 53.6 13
1746919256640 50.4 14
1746920180646 48.199999999999996 15
1746921107069 42.8 16
1746922034811 54.400000000000006 17
1746922959968 48.199999999999996 18
