1746905575826 78.0 0
1746906470753 79.1 1
1746907365308 69.60000000000001 2
1746908260821 70.2 3
1746909157149 67.12 4
1746910054307 67.36666666666667 5
1746910968646 64.51428571428572 6
1746911887901 62.275 7
1746912808883 59.53333333333333 8
1746913728274 59.17999999999999 9
1746914646454 57.76363636363636 10
1746915566763 57.53333333333333 11
1746916488214 56.184615384615384 12
1746917410882 55.642857142857146 13
1746918333331 55.88 14
1746919256464 53.6 15
1746920180455 52.98823529411765 16
1746921106865 44.988888888888894 17
1746922034591 51.2 18
1746922959733 50.89 19
