1746905575818 78.0 0
1746906470746 63.0 1
1746907365296 45.800000000000004 2
1746908260814 43.1 3
1746909157141 35.71999999999999 4
1746910054290 29.833333333333332 5
1746910968638 26.657142857142855 6
1746911887893 24.075000000000003 7
1746912808875 21.666666666666668 8
1746913728265 19.740000000000002 9
1746914646446 17.454545454545453 10
1746915566747 16.7 11
1746916488205 15.692307692307692 12
1746917410872 13.728571428571428 13
1746918333322 14.266666666666667 14
1746919256455 11.75 15
1746920180445 10.48235294117647 16
1746921106855 5.888888888888889 17
1746922034580 9.894736842105264 18
1746922959722 8.83 19
