1746729764804 76.6 0
1746730429075 75.2 1
1746731103383 68.0 2
1746731779085 64.2 3
1746732456408 64.60000000000001 4
1746733134918 61.4 5
1746733811263 57.199999999999996 6
1746734490733 59.599999999999994 7
1746735171271 57.599999999999994 8
1746735853084 53.800000000000004 9
1746736534013 53.2 10
1746737217280 50.6 11
1746737900833 48.0 12
1746738586115 43.8 13
1746739269889 47.4 14
1746739956468 47.8 15
1746740642760 47.0 16
1746741331884 46.400000000000006 17
1746742019799 44.0 18
1746742709289 42.6 19
