1746729764784 76.6 0
1746730429049 62.099999999999994 1
1746731103349 42.53333333333333 2
1746731779024 39.349999999999994 3
1746732456331 30.4 4
1746733134861 24.766666666666666 5
1746733811198 21.428571428571427 6
1746734490658 18.25 7
1746735171187 17.6 8
1746735852991 15.039999999999997 9
1746736533910 13.072727272727274 10
1746737217147 12.916666666666666 11
1746737900706 10.615384615384615 12
1746738585979 10.328571428571431 13
1746739269738 10.693333333333333 14
1746739956305 8.862499999999999 15
1746740642580 7.0 16
1746741331666 7.555555555555555 17
1746742019592 8.105263157894736 18
1746742709069 6.83 19
