1746729764791 76.6 0
1746730429055 81.1 1
1746731103356 73.13333333333334 2
1746731779036 73.35 3
1746732456347 73.0 4
1746733134868 71.8 5
1746733811205 68.82857142857142 6
1746734490666 67.275 7
1746735171195 65.80000000000001 8
1746735852999 64.06 9
1746736533918 62.5090909090909 10
1746737217162 60.98333333333334 11
1746737900715 60.01538461538462 12
1746738585987 60.21428571428572 13
1746739269747 60.66666666666667 14
1746739956314 59.75 15
1746740642590 58.529411764705884 16
1746741331687 59.05555555555556 17
1746742019602 58.8421052631579 18
1746742709080 57.92 19
