1747062728998 40.0 0
1747063733644 55.00000000000001 1
1747064739469 37.8 2
1747065752881 25.4 3
1747066756628 18.4 4
1747067761207 13.4 5
1747068773826 13.8 6
1747069778889 9.6 7
1747070785412 9.0 8
1747071792403 4.8 9
1747072807357 6.6000000000000005 10
1747073814565 6.6000000000000005 11
1747074821468 5.4 12
1747075837725 7.6 13
1747076846227 7.6 14
1747077853440 7.199999999999999 15
1747078861112 5.6000000000000005 16
1747079880122 7.3999999999999995 17
1747080889298 4.6 18
1747081890401 5.0 19
