1747063733666 86.6 0
1747064739497 77.8 1
1747065752918 78.0 2
1747066756674 71.39999999999999 3
1747067761261 59.199999999999996 4
1747068773897 63.2 5
1747069778970 61.199999999999996 6
1747070785500 57.599999999999994 7
1747071792494 52.0 8
1747072807466 55.800000000000004 9
1747073814677 56.99999999999999 10
1747074821598 49.6 11
1747075837861 51.2 12
1747076846377 56.599999999999994 13
1747077853603 50.8 14
1747078861287 50.0 15
1747079880315 51.800000000000004 16
1747080889509 50.8 17
1747081890626 47.199999999999996 18
