1747064739483 54.2 0
1747065752896 44.2 1
1747066756643 28.799999999999997 2
1747067761224 18.4 3
1747068773850 14.000000000000002 4
1747069778913 12.6 5
1747070785435 8.0 6
1747071792420 8.200000000000001 7
1747072807381 6.6000000000000005 8
1747073814582 8.6 9
1747074821492 6.800000000000001 10
1747075837743 7.000000000000001 11
1747076846246 5.800000000000001 12
1747077853459 8.799999999999999 13
1747078861131 9.4 14
1747079880143 7.3999999999999995 15
1747080889322 5.4 16
1747081890424 3.4000000000000004 17
