1747062728990 40.0 0
1747063733636 77.89999999999999 1
1747064739462 69.2 2
1747065752874 70.9 3
1747066756620 70.24 4
1747067761200 63.46666666666667 5
1747068773812 64.85714285714286 6
1747069778875 63.625 7
1747070785395 61.28888888888889 8
1747071792395 58.15999999999999 9
1747072807342 58.45454545454545 10
1747073814556 56.900000000000006 11
1747074821450 50.53846153846155 12
1747075837715 58.2 13
1747076846218 58.10666666666667 14
1747077853430 55.025000000000006 15
1747078861102 54.65882352941177 16
1747079880112 54.93333333333334 17
1747080889280 54.82105263157896 18
1747081890384 54.220000000000006 19
