1747062728980 40.0 0
1747063733629 67.80000000000001 1
1747064739454 49.53333333333333 2
1747065752866 47.699999999999996 3
1747066756613 38.32000000000001 4
1747067761192 29.966666666666665 5
1747068773799 29.714285714285715 6
1747069778861 27.7 7
1747070785377 25.133333333333336 8
1747071792386 23.160000000000004 9
1747072807327 20.636363636363637 10
1747073814547 20.133333333333336 11
1747074821430 14.476923076923075 12
1747075837706 19.2 13
1747076846209 18.466666666666665 14
1747077853420 16.5 15
1747078861092 15.541176470588235 16
1747079880101 14.899999999999999 17
1747080889262 14.178947368421051 18
1747081890361 12.970000000000002 19
