1747062729013 44.1 0
1747063733673 96.26 1
1747064739512 92.25999999999999 2
1747065752940 92.56 3
1747066756704 89.64 4
1747067761299 77.68 5
1747068773944 93.84 6
1747069779026 90.38000000000001 7
1747070785565 93.28 8
1747071792569 87.78 9
1747072807551 88.75999999999999 10
1747073814777 81.04 11
1747074821705 58.76 12
1747075837981 73.1 13
1747076846509 89.44 14
1747077853747 59.519999999999996 15
1747078861446 55.620000000000005 16
1747079880488 72.84 17
1747080889696 59.08 18
1747081890828 27.88 19
