1746871714608 40.0 0
1746872303886 55.00000000000001 1
1746872893574 37.8 2
1746873485057 25.4 3
1746874077795 18.4 4
1746874669580 13.4 5
1746875262518 13.8 6
1746875855852 9.6 7
1746876450360 9.0 8
1746877044653 4.8 9
1746877640094 6.6000000000000005 10
1746878235140 6.6000000000000005 11
1746878831837 5.4 12
1746879430509 7.6 13
1746880036778 7.6 14
1746880642121 7.199999999999999 15
1746881246749 5.6000000000000005 16
1746881849911 7.3999999999999995 17
1746882455941 4.6 18
1746883058759 5.0 19
