1746871714593 40.0 0
1746872303879 77.89999999999999 1
1746872893567 69.2 2
1746873485049 70.9 3
1746874077783 70.24 4
1746874669572 63.46666666666667 5
1746875262510 64.85714285714286 6
1746875855844 63.625 7
1746876450351 61.28888888888889 8
1746877044645 58.15999999999999 9
1746877640085 58.45454545454545 10
1746878235125 56.900000000000006 11
1746878831828 50.53846153846155 12
1746879430500 58.2 13
1746880036769 58.10666666666667 14
1746880642111 55.025000000000006 15
1746881246739 54.65882352941177 16
1746881849901 54.93333333333334 17
1746882455931 54.82105263157896 18
1746883058740 54.220000000000006 19
