1746871714578 40.0 0
1746872303872 67.80000000000001 1
1746872893560 49.53333333333333 2
1746873485042 47.699999999999996 3
1746874077767 38.32000000000001 4
1746874669564 29.966666666666665 5
1746875262502 29.714285714285715 6
1746875855836 27.7 7
1746876450343 25.133333333333336 8
1746877044636 23.160000000000004 9
1746877640071 20.636363636363637 10
1746878235108 20.133333333333336 11
1746878831819 14.476923076923075 12
1746879430490 19.2 13
1746880036759 18.466666666666665 14
1746880642101 16.5 15
1746881246728 15.541176470588235 16
1746881849891 14.899999999999999 17
1746882455920 14.178947368421051 18
1746883058722 12.970000000000002 19
