1746502393849 78.4 0
1746502967210 73.8 1
1746503545972 71.39999999999999 2
1746504122566 70.39999999999999 3
1746504700170 64.2 4
1746505281196 62.8 5
1746505861844 59.199999999999996 6
1746506441952 57.99999999999999 7
1746507021522 55.60000000000001 8
1746507605643 54.800000000000004 9
1746508190805 55.800000000000004 10
1746508777120 50.0 11
1746509363872 48.199999999999996 12
1746509947288 49.4 13
1746510536309 52.0 14
1746511120278 51.0 15
1746511707426 49.8 16
1746512299580 48.6 17
1746512892519 49.0 18
1746513484571 46.0 19
