1746502967204 71.6 0
1746503545960 28.599999999999998 1
1746504122546 19.2 2
1746504700144 13.0 3
1746505281157 13.600000000000001 4
1746505861803 9.0 5
1746506441902 8.4 6
1746507021461 6.0 7
1746507605574 5.6000000000000005 8
1746508190727 4.6 9
1746508777033 4.3999999999999995 10
1746509363743 3.4000000000000004 11
1746509947180 3.2 12
1746510536189 2.8000000000000003 13
1746511120146 1.6 14
1746511707282 2.8000000000000003 15
1746512299421 1.7999999999999998 16
1746512892347 1.6 17
1746513484386 1.4000000000000001 18
