1746502393830 78.4 0
1746502967184 55.8 1
1746503545941 44.6 2
1746504122525 34.6 3
1746504700123 28.72 4
1746505281114 25.53333333333333 5
1746505861782 20.02857142857143 6
1746506441880 18.825 7
1746507021439 16.666666666666668 8
1746507605550 13.64 9
1746508190703 12.799999999999999 10
1746508777010 12.566666666666668 11
1746509363719 11.23076923076923 12
1746509947155 10.342857142857143 13
1746510536164 10.0 14
1746511120120 8.8 15
1746511707255 8.529411764705882 16
1746512299392 7.666666666666667 17
1746512892318 6.726315789473683 18
1746513484345 6.970000000000001 19
