1746502393836 78.4 0
1746502967191 72.9 1
1746503545947 71.46666666666667 2
1746504122532 69.1 3
1746504700130 67.4 4
1746505281129 65.56666666666666 5
1746505861789 64.62857142857142 6
1746506441888 64.1 7
1746507021447 64.51111111111112 8
1746507605558 63.14 9
1746508190711 63.054545454545455 10
1746508777017 62.050000000000004 11
1746509363727 60.83076923076923 12
1746509947164 60.971428571428575 13
1746510536172 60.42666666666666 14
1746511120129 59.425 15
1746511707264 59.482352941176465 16
1746512299402 56.57777777777778 17
1746512892328 57.04210526315789 18
1746513484355 57.19999999999999 19
