1746894953529 56.99999999999999 0
1746895537613 77.0 1
1746896122025 73.53333333333335 2
1746896706605 72.25 3
1746897293063 57.32000000000001 4
1746897884134 70.6 5
1746898474761 71.31428571428572 6
1746899063628 60.975 7
1746899654133 65.53333333333333 8
1746900246337 65.75999999999999 9
1746900837515 66.25454545454545 10
1746901428585 64.63333333333334 11
1746902017988 63.24615384615384 12
1746902609503 62.385714285714286 13
1746903201872 62.46666666666666 14
1746903790701 62.5125 15
1746904382308 61.294117647058826 16
1746904974979 62.34444444444445 17
