1746894953522 56.99999999999999 0
1746895537606 67.0 1
1746896122018 55.800000000000004 2
1746896706598 50.6 3
1746897293056 29.080000000000002 4
1746897884127 42.333333333333336 5
1746898474753 37.05714285714286 6
1746899063620 25.075000000000003 7
1746899654125 27.66666666666667 8
1746900246328 27.839999999999996 9
1746900837501 26.363636363636363 10
1746901428577 24.866666666666664 11
1746902017979 22.292307692307688 12
1746902609493 21.785714285714285 13
1746903201863 21.066666666666666 14
1746903790690 20.8375 15
1746904382298 19.400000000000002 16
1746904974968 19.066666666666666 17
1746905566529 17.46315789473684 18
1746906155774 15.809999999999999 19
