1747200725916 69.19999999999999 0
1747201315132 65.60000000000001 1
1747201904578 63.800000000000004 2
1747202494131 60.6 3
1747203085922 55.60000000000001 4
1747203677780 56.2 5
1747204271386 55.00000000000001 6
1747204865060 53.400000000000006 7
1747205460648 55.60000000000001 8
1747206060623 55.60000000000001 9
1747206659166 50.0 10
1747207258031 48.0 11
1747207858650 55.2 12
1747208459935 47.0 13
1747209061033 53.2 14
1747209661924 50.4 15
1747210263856 45.2 16
1747210867214 49.2 17
1747211469878 45.6 18
