1747200138255 79.4 0
1747200725879 57.2 1
1747201315087 45.666666666666664 2
1747201904523 34.5 3
1747202494068 28.560000000000002 4
1747203085850 26.23333333333333 5
1747203677679 21.74285714285714 6
1747204271294 20.05 7
1747204864957 17.533333333333335 8
1747205460534 14.76 9
1747206060492 13.090909090909092 10
1747206659032 12.883333333333335 11
1747207257860 11.476923076923079 12
1747207858490 9.757142857142856 13
1747208459760 9.333333333333334 14
1747209060844 8.437499999999998 15
1747209661720 8.28235294117647 16
1747210263621 7.822222222222223 17
1747210866978 6.757894736842104 18
1747211469625 6.55 19
