1747200138262 79.4 0
1747200725887 70.6 1
1747201315094 71.13333333333334 2
1747201904531 68.5 3
1747202494076 67.72 4
1747203085858 65.96666666666665 5
1747203677693 64.54285714285714 6
1747204271303 65.77499999999999 7
1747204864966 65.35555555555555 8
1747205460543 64.82 9
1747206060501 65.65454545454544 10
1747206659041 63.00000000000001 11
1747207257881 60.876923076923084 12
1747207858500 62.31428571428571 13
1747208459770 60.080000000000005 14
1747209060854 60.25 15
1747209661731 60.435294117647054 16
1747210263639 57.84444444444445 17
1747210866988 58.56842105263158 18
1747211469636 58.10999999999999 19
