1747034026163 58.599999999999994 0
1747034922082 67.4 1
1747035819144 66.8 2
1747036716279 52.6 3
1747037613650 60.8 4
1747038514404 57.99999999999999 5
1747039422419 55.800000000000004 6
1747040338530 56.599999999999994 7
1747041265238 59.4 8
1747042193983 57.599999999999994 9
1747043346481 56.00000000000001 10
1747044773099 54.2 11
1747046197362 54.2 12
1747047635168 54.800000000000004 13
1747049069837 56.2 14
1747050494429 54.6 15
1747051925626 53.400000000000006 16
1747053346496 51.0 17
1747054780544 51.4 18
