1747033130650 78.2 0
1747034026135 66.3 1
1747034922045 72.13333333333334 2
1747035819099 70.35 3
1747036716225 60.75999999999999 4
1747037613589 67.23333333333333 5
1747038514319 66.0 6
1747039422326 67.35000000000001 7
1747040338437 67.3111111111111 8
1747041265119 65.38000000000001 9
1747042193859 64.67272727272727 10
1747043346353 59.94999999999999 11
1747044772955 62.24615384615384 12
1747046197211 62.9857142857143 13
1747047635005 62.07999999999999 14
1747049069661 62.3375 15
1747050494237 60.54117647058824 16
1747051925412 59.800000000000004 17
1747053346274 59.29473684210526 18
1747054780303 58.98000000000002 19
