1747033130643 78.2 0
1747034026127 50.5 1
1747034922038 56.73333333333333 2
1747035819092 48.2 3
1747036716218 31.520000000000003 4
1747037613581 39.099999999999994 5
1747038514305 36.114285714285714 6
1747039422312 35.75 7
1747040338429 33.93333333333333 8
1747041265100 30.1 9
1747042193843 26.38181818181818 10
1747043346344 22.11666666666667 11
1747044772945 24.0 12
1747046197201 21.599999999999998 13
1747047634995 19.773333333333333 14
1747049069651 19.35 15
1747050494227 17.376470588235296 16
