1746836942607 56.99999999999999 0
1746837527003 55.00000000000001 1
1746838113128 47.8 2
1746838700195 38.6 3
1746839287571 30.0 4
1746839873824 27.200000000000003 5
1746840462704 22.0 6
1746841052911 18.0 7
1746841642761 22.6 8
1746842235109 23.200000000000003 9
1746842827119 19.6 10
1746843431539 21.0 11
1746844032467 16.2 12
1746844628664 15.8 13
1746845223099 6.0 14
1746845826061 14.399999999999999 15
1746846432696 14.2 16
1746847039142 15.0 17
1746847645970 13.0 18
1746848252396 13.200000000000001 19
