1746836942593 56.99999999999999 0
1746837526989 64.5 1
1746838113114 58.533333333333324 2
1746838700181 48.2 3
1746839287556 43.720000000000006 4
1746839873809 39.43333333333333 5
1746840462689 35.371428571428574 6
1746841052896 28.975 7
1746841642744 27.6 8
1746842235093 26.3 9
1746842827102 25.236363636363638 10
1746843431520 23.083333333333332 11
1746844032449 21.815384615384616 12
1746844628646 20.942857142857143 13
1746845223080 9.546666666666665 14
1746845826041 20.525 15
1746846432677 18.635294117647057 16
1746847039122 17.98888888888889 17
1746847645950 16.610526315789475 18
1746848252375 15.059999999999999 19
