1746836942600 56.99999999999999 0
1746837526996 74.4 1
1746838113121 74.4 2
1746838700188 71.0 3
1746839287564 71.03999999999999 4
1746839873816 70.13333333333333 5
1746840462697 70.48571428571428 6
1746841052904 66.225 7
1746841642753 65.46666666666667 8
1746842235101 65.32 9
1746842827110 66.8 10
1746843431530 63.50000000000001 11
1746844032458 63.29230769230769 12
1746844628655 63.41428571428572 13
1746845223089 44.70666666666666 14
1746845826051 61.6875 15
1746846432687 61.047058823529426 16
1746847039132 60.477777777777774 17
1746847645960 61.04210526315789 18
1746848252386 60.250000000000014 19
