1746479934764 77.8 0
1746480512316 54.5 1
1746481090724 44.6 2
1746481668313 33.4 3
1746482247234 27.520000000000003 4
1746482826277 21.899999999999995 5
1746483406844 17.657142857142855 6
1746483989681 13.625 7
1746484571701 12.71111111111111 8
1746485153943 12.02 9
1746485742863 10.200000000000001 10
1746486335652 11.183333333333332 11
1746486927282 8.184615384615386 12
1746487516773 8.428571428571429 13
1746488101486 7.746666666666666 14
1746488688917 7.475 15
1746489279192 6.764705882352941 16
1746489870879 6.288888888888889 17
1746490460303 5.905263157894736 18
1746491050974 5.4 19
