1746479934770 77.8 0
1746480512323 74.1 1
1746481090730 72.93333333333332 2
1746481668320 70.25 3
1746482247241 66.92 4
1746482826284 64.56666666666666 5
1746483406851 62.228571428571435 6
1746483989688 59.14999999999999 7
1746484571708 57.82222222222223 8
1746485153951 56.75999999999999 9
1746485742871 55.41818181818181 10
1746486335660 54.28333333333334 11
1746486927290 53.723076923076924 12
1746487516782 53.614285714285714 13
1746488101494 52.72 14
1746488688926 52.1625 15
1746489279202 50.85882352941176 16
1746489870896 50.67777777777778 17
1746490460313 50.52631578947368 18
1746491050984 49.89 19
