1746491580840 68.8 0
1746492159498 65.60000000000001 1
1746492744216 59.199999999999996 2
1746493330651 61.199999999999996 3
1746493911506 60.4 4
1746494500209 59.8 5
1746495089623 57.599999999999994 6
1746495675175 53.6 7
1746496265480 54.800000000000004 8
1746496852861 52.2 9
1746497442842 48.6 10
1746498031190 51.4 11
1746498617376 48.8 12
1746499204423 45.2 13
1746499792049 45.4 14
1746500377894 41.8 15
1746500964039 48.199999999999996 16
1746501553082 47.599999999999994 17
1746502150124 42.6 18
