1746491580828 68.8 0
1746492159478 70.0 1
1746492744190 68.93333333333334 2
1746493330617 71.9 3
1746493911466 70.6 4
1746494500146 71.83333333333333 5
1746495089551 70.97142857142856 6
1746495675108 67.9 7
1746496265406 66.80000000000001 8
1746496852778 65.92 9
1746497442747 63.67272727272727 10
1746498031085 64.3 11
1746498617262 63.84615384615385 12
1746499204283 63.02857142857143 13
1746499791895 63.8 14
1746500377743 61.87499999999999 15
1746500963873 63.4470588235294 16
1746501552903 62.699999999999996 17
1746502149926 61.4736842105263 18
1746502746364 62.05 19
