1746491580821 68.8 0
1746492159471 49.9 1
1746492744184 45.53333333333333 2
1746493330611 38.25 3
1746493911459 31.720000000000006 4
1746494500135 28.86666666666667 5
1746495089539 24.428571428571427 6
1746495675101 19.174999999999997 7
1746496265398 20.91111111111111 8
1746496852770 16.5 9
1746497442739 14.927272727272726 10
1746498031077 13.583333333333334 11
1746498617254 13.015384615384615 12
1746499204265 12.085714285714285 13
1746499791886 11.6 14
1746500377734 10.675 15
1746500963863 9.376470588235293 16
1746501552894 10.288888888888888 17
1746502149916 9.13684210526316 18
1746502746354 7.409999999999999 19
