1747245911250 81.6 0
1747247151006 77.60000000000001 1
1747248287206 70.19999999999999 2
1747249364396 70.0 3
1747250409596 66.4 4
1747251413655 62.2 5
1747252474764 60.6 6
1747253468628 57.599999999999994 7
1747254522197 54.800000000000004 8
1747255596117 51.2 9
1747256659677 54.6 10
1747257704482 54.800000000000004 11
1747258757981 53.6 12
1747259799908 48.0 13
1747260836273 51.0 14
1747261864327 50.4 15
1747262939117 46.400000000000006 16
1747263997298 38.0 17
1747264963629 43.6 18
1747266035618 41.0 19
