1747245911201 81.6 0
1747247150949 59.7 1
1747248287125 45.666666666666664 2
1747249364328 35.3 3
1747250409513 27.6 4
1747251413537 26.03333333333333 5
1747252474677 21.057142857142857 6
1747253468533 19.674999999999997 7
1747254522083 17.155555555555555 8
1747255596001 14.0 9
1747256659558 13.927272727272726 10
1747257704345 13.033333333333331 11
1747258757719 11.076923076923077 12
1747259799763 9.528571428571427 13
1747260836113 9.293333333333331 14
1747261864155 9.187500000000002 15
1747262938894 8.96470588235294 16
1747263997081 7.98888888888889 17
1747264963406 7.0 18
1747266035340 6.95 19
