1747245911220 81.6 0
1747247150965 77.7 1
1747248287146 71.06666666666666 2
1747249364342 70.80000000000001 3
1747250409528 69.4 4
1747251413557 66.76666666666667 5
1747252474691 65.74285714285715 6
1747253468546 65.5 7
1747254522097 65.26666666666667 8
1747255596015 57.9 9
1747256659572 64.32727272727273 10
1747257704359 62.066666666666684 11
1747258757736 60.72307692307693 12
1747259799777 60.199999999999996 13
1747260836127 60.46666666666667 14
1747261864170 58.8375 15
1747262938917 59.682352941176475 16
1747263997100 56.56666666666667 17
1747264963425 56.968421052631584 18
1747266035368 56.04 19
