1746013355872 76.6 0
1746013930902 68.2 1
1746014523696 62.6 2
1746015098562 56.599999999999994 3
1746015675194 52.6 4
1746016252278 51.4 5
1746016831237 51.0 6
1746017410376 48.199999999999996 7
1746017989242 47.199999999999996 8
1746018569172 40.2 9
1746019148788 45.2 10
1746019730632 43.8 11
1746020312947 40.0 12
1746020895549 42.199999999999996 13
1746021478983 39.4 14
1746022065799 41.0 15
1746022651581 41.199999999999996 16
1746023236990 37.2 17
1746023822272 33.0 18
1746024410245 36.6 19
