1746013355854 76.6 0
1746013930876 59.900000000000006 1
1746014523665 41.2 2
1746015098524 31.85 3
1746015675149 28.0 4
1746016252215 24.666666666666668 5
1746016831175 20.457142857142856 6
1746017410307 18.349999999999998 7
1746017989162 18.333333333333332 8
1746018569083 16.4 9
1746019148688 13.636363636363637 10
1746019730525 13.233333333333334 11
1746020312827 11.015384615384617 12
1746020895414 11.057142857142859 13
1746021478837 9.666666666666666 14
1746022065643 9.7 15
1746022651413 8.823529411764707 16
1746023236810 8.2 17
1746023822071 7.421052631578948 18
1746024410030 6.640000000000001 19
