1747176288785 73.4 0
1747176875059 71.39999999999999 1
1747177464237 68.60000000000001 2
1747178054020 65.4 3
1747178644833 64.0 4
1747179234435 58.599999999999994 5
1747179826684 56.99999999999999 6
1747180418544 56.00000000000001 7
1747181011435 53.400000000000006 8
1747181604280 53.0 9
1747182198599 47.4 10
1747182794281 50.0 11
1747183388942 48.8 12
1747183987335 46.800000000000004 13
1747184587396 41.4 14
1747185188108 45.0 15
1747185789069 44.800000000000004 16
1747186390816 47.8 17
1747186993539 46.6 18
1747187597678 41.199999999999996 19
