1747176288763 73.4 0
1747176875028 60.7 1
1747177464200 50.73333333333333 2
1747178053973 37.800000000000004 3
1747178644779 32.68 4
1747179234372 27.53333333333333 5
1747179826612 22.199999999999996 6
1747180418461 17.65 7
1747181011341 15.11111111111111 8
1747181604178 14.4 9
1747182198474 12.945454545454544 10
1747182794151 13.216666666666667 11
1747183388803 10.015384615384615 12
1747183987182 10.557142857142859 13
1747184587233 9.693333333333332 14
1747185187912 9.3125 15
1747185788877 8.988235294117647 16
1747186390606 8.466666666666667 17
1747186993314 7.568421052631578 18
1747187597439 6.8 19
