1747176288771 73.4 0
1747176875036 78.19999999999999 1
1747177464208 77.2 2
1747178053981 73.8 3
1747178644787 72.64 4
1747179234381 70.96666666666667 5
1747179826620 69.77142857142857 6
1747180418470 66.69999999999999 7
1747181011350 65.88888888888889 8
1747181604187 66.38 9
1747182198489 64.07272727272728 10
1747182794160 64.4 11
1747183388812 62.35384615384615 12
1747183987192 62.32857142857143 13
1747184587243 60.693333333333335 14
1747185187932 61.150000000000006 15
1747185788887 60.43529411764706 16
1747186390617 62.13333333333334 17
