1709908102306 85.39999999999999 0
1709908355302 74.0 1
1709908616645 69.6 2
1709908883500 66.2 3
1709909062776 67.4 4
1709909246284 67.2 5
1709909432633 67.2 6
1709909624480 64.60000000000001 7
1709909820594 64.60000000000001 8
1709910020797 60.4 9
1709910227044 60.4 10
1709910440837 56.39999999999999 11
1709910658301 56.2 12
1709910877958 55.400000000000006 13
1709911107691 56.2 14
1709911517630 56.39999999999999 15
1709912017868 55.60000000000001 16
1709912542599 55.400000000000006 17
1709913086039 55.2 18
