1709907853402 85.6 0
1709908102277 75.5 1
1709908355273 70.13333333333334 2
1709908616615 65.44999999999999 3
1709908883470 64.6 4
1709909062744 62.53333333333333 5
1709909246254 59.85714285714287 6
1709909432601 58.375 7
1709909624458 57.977777777777774 8
1709909820560 55.48 9
1709910020757 54.81818181818182 10
1709910227008 53.56666666666667 11
1709910440799 53.092307692307685 12
1709910658276 51.628571428571426 13
1709910877922 50.57333333333334 14
1709911107656 49.6125 15
1709911517593 48.08235294117647 16
1709912017831 47.12222222222223 17
1709912542561 45.852631578947374 18
1709913086009 44.66000000000001 19
