1709907853420 85.6 0
1709908102294 89.89999999999999 1
1709908355290 89.40000000000002 2
1709908616632 87.69999999999999 3
1709908883487 88.55999999999999 4
1709909062763 87.60000000000001 5
1709909246270 86.85714285714286 6
1709909432619 86.475 7
1709909624465 86.73333333333333 8
1709909820579 86.47999999999999 9
1709910020778 86.90909090909092 10
1709910227027 86.60000000000001 11
1709910440819 87.01538461538462 12
1709910658284 86.7 13
1709910877940 86.28 14
1709911107674 85.875 15
1709911517612 84.9764705882353 16
1709912017850 84.96666666666668 17
1709912542580 84.73684210526316 18
1709913086019 84.84 19
