1747054549613 40.0 0
1747055136216 71.2 1
1747055729253 51.06666666666666 2
1747056329573 52.75 3
1747056927220 46.160000000000004 4
1747057524356 41.166666666666664 5
1747058124568 34.885714285714286 6
1747058723074 33.425 7
1747059322728 29.95555555555556 8
1747059912251 28.080000000000002 9
1747060505116 25.50909090909091 10
1747061102708 25.433333333333337 11
1747061708077 22.861538461538462 12
1747062306064 23.285714285714285 13
1747062900974 22.6 14
1747063502519 19.5375 15
1747064103591 19.294117647058822 16
1747064705872 18.333333333333336 17
1747065308532 17.694736842105264 18
1747065905553 15.829999999999998 19
