1746887383069 78.0 0
1746888281887 66.19999999999999 1
1746889180653 54.4 2
1746890079906 50.2 3
1746890988574 36.8 4
1746891898023 37.699999999999996 5
1746892806487 31.800000000000004 6
1746893715928 28.800000000000004 7
1746894625596 28.977777777777778 8
1746895535512 25.46 9
1746896446410 21.83636363636364 10
1746897359906 24.5 11
1746898274156 16.123076923076926 12
1746899185238 18.2 13
1746900092658 19.77333333333333 14
1746901007921 16.775 15
1746901922139 13.423529411764706 16
1746902831592 14.822222222222223 17
1746903752042 14.536842105263156 18
1746904668436 14.34 19
