1746887383076 78.0 0
1746888281894 81.1 1
1746889180661 74.8 2
1746890079913 74.4 3
1746890988582 70.52000000000001 4
1746891898031 73.03333333333333 5
1746892806495 67.91428571428571 6
1746893715936 67.0 7
1746894625604 66.62222222222222 8
1746895535525 65.14000000000001 9
1746896446419 61.07272727272728 10
1746897359915 63.81666666666666 11
1746898274166 55.969230769230776 12
1746899185247 61.17142857142858 13
1746900092668 62.36000000000001 14
1746901007931 59.9375 15
1746901922149 59.11764705882353 16
1746902831602 58.31111111111112 17
1746903752053 57.49473684210527 18
1746904668447 57.35 19
