1746887383098 99.83999999999999 0
1746888281930 99.96000000000001 1
1746889180711 98.83999999999999 2
1746890079980 99.76 3
1746890988673 93.84 4
1746891898129 99.44 5
1746892806614 99.72 6
1746893716070 99.3 7
1746894625758 98.28 8
1746895535702 99.38 9
1746896446621 97.42 10
1746897360133 98.08 11
1746898274410 78.86 12
1746899185516 99.4 13
1746900092964 99.06 14
1746901008251 97.08 15
1746901922498 99.9 16
1746902831982 98.96000000000001 17
1746903752465 99.46000000000001 18
1746904668880 96.86 19
