1747178283550 80.2 0
1747179746183 72.8 1
1747181071747 68.4 2
1747182259416 62.0 3
1747183417069 62.6 4
1747184533580 56.99999999999999 5
1747185581471 55.00000000000001 6
1747186619986 52.800000000000004 7
1747187687842 53.6 8
1747188738791 49.2 9
1747189798080 47.599999999999994 10
1747190833862 47.199999999999996 11
1747191898090 44.6 12
1747192962540 46.800000000000004 13
1747194009855 44.800000000000004 14
1747195071893 45.4 15
1747196167710 47.8 16
1747197177814 40.400000000000006 17
1747198222956 46.400000000000006 18
1747199295700 44.0 19
