1747178283536 80.2 0
1747179746161 37.4 1
1747181071699 23.0 2
1747182259370 16.8 3
1747183417006 10.4 4
1747184533522 5.800000000000001 5
1747185581372 6.2 6
1747186619872 4.6 7
1747187687746 4.3999999999999995 8
1747188738661 1.6 9
1747189797993 1.4000000000000001 10
1747190833721 2.8000000000000003 11
1747191897977 1.7999999999999998 12
1747192962380 1.2 13
1747194009726 0.8 14
1747195071752 0.2 15
1747196167468 0.8 16
1747197177652 1.4000000000000001 17
1747198222748 1.0 18
1747199295513 1.0 19
