1747178283520 80.2 0
1747179746150 80.0 1
1747181071678 74.73333333333333 2
1747182259357 73.8 3
1747183416990 73.28 4
1747184533508 70.06666666666666 5
1747185581352 67.42857142857143 6
1747186619856 67.125 7
1747187687731 65.6222222222222 8
1747188738642 63.879999999999995 9
1747189797982 62.38181818181817 10
1747190833704 62.38333333333333 11
1747191897964 59.99999999999999 12
1747192962360 61.114285714285714 13
1747194009714 59.693333333333335 14
1747195071739 58.8125 15
1747196167456 58.35294117647059 16
