1747178283503 80.2 0
1747179746137 62.0 1
1747181071660 46.26666666666667 2
1747182259343 39.25 3
1747183416973 30.76 4
1747184533488 24.566666666666663 5
1747185581337 22.342857142857138 6
1747186619839 19.15 7
1747187687714 18.266666666666666 8
1747188738618 15.52 9
1747189797971 13.272727272727273 10
1747190833684 12.950000000000001 11
1747191897950 10.907692307692308 12
1747192962338 10.728571428571428 13
1747194009700 11.266666666666667 14
1747195071725 9.3125 15
1747196167443 8.4 16
1747197177624 8.422222222222224 17
1747198222704 8.905263157894737 18
1747199295485 7.81 19
