1746825335866 40.0 0
1746825928604 69.2 1
1746826522850 54.6 2
1746827117577 50.25 3
1746827709474 43.68000000000001 4
1746828300606 39.03333333333333 5
1746828892295 34.42857142857143 6
1746829485176 33.05 7
1746830079723 29.400000000000002 8
1746830675300 27.360000000000003 9
1746831270715 21.29090909090909 10
1746831867115 24.53333333333333 11
1746832461570 22.63076923076923 12
1746833057514 18.542857142857144 13
1746833654184 21.98666666666667 14
1746834253150 20.875 15
1746834855212 17.458823529411767 16
1746835457032 16.599999999999998 17
1746836057979 17.221052631578946 18
1746836655125 15.299999999999997 19
