1746825335873 40.0 0
1746825928611 78.0 1
1746826522858 73.0 2
1746827117584 73.75 3
1746827709481 72.96000000000001 4
1746828300614 71.16666666666667 5
1746828892303 68.68571428571428 6
1746829485184 67.57499999999999 7
1746830079731 64.19999999999999 8
1746830675314 64.0 9
1746831270723 58.1090909090909 10
1746831867124 62.199999999999996 11
1746832461579 61.076923076923066 12
1746833057523 57.74285714285714 13
1746833654194 61.74666666666667 14
1746834253160 61.762499999999996 15
1746834855222 58.258823529411764 16
