1747224218901 71.39999999999999 0
1747225453070 23.200000000000003 1
1747226584943 13.4 2
1747227671920 9.8 3
1747228729124 8.4 4
1747229756412 4.3999999999999995 5
1747230767428 3.5999999999999996 6
1747231776623 2.8000000000000003 7
1747232785639 2.1999999999999997 8
1747233785697 0.6 9
1747234804881 0.6 10
1747235845445 0.8 11
1747236877867 0.4 12
1747237949247 0.4 13
1747238983015 0.4 14
1747240063648 0.2 15
1747241106294 0.0 16
1747242134254 0.0 17
1747243161541 0.6 18
1747244205925 0.2 19
