1747224218886 71.39999999999999 0
1747225453057 67.9 1
1747226584928 70.13333333333333 2
1747227671909 67.0 3
1747228729104 67.0 4
1747229756393 66.43333333333334 5
1747230767416 64.74285714285715 6
1747231776612 63.800000000000004 7
1747232785619 59.977777777777774 8
1747233785682 59.67999999999999 9
1747234804870 56.58181818181818 10
1747235845427 57.70000000000001 11
1747236877854 57.03076923076923 12
1747237949235 57.28571428571429 13
1747238983003 56.82666666666667 14
1747240063629 57.8 15
1747241106279 57.44705882352941 16
1747242134241 57.455555555555556 17
1747243161528 55.90526315789474 18
1747244205910 54.919999999999995 19
