1746468021010 76.6 0
1746468603191 76.6 1
1746469186664 71.2 2
1746469765392 70.19999999999999 3
1746470351452 71.0 4
1746470939642 70.0 5
1746471527933 64.2 6
1746472110444 68.4 7
1746472695997 66.0 8
1746473286218 65.4 9
1746473877443 64.4 10
1746474469397 57.599999999999994 11
1746475061584 57.4 12
1746475654534 57.599999999999994 13
1746476247536 61.0 14
1746476841905 59.4 15
1746477436613 58.199999999999996 16
1746478031840 61.0 17
1746478628316 55.00000000000001 18
1746479225770 57.599999999999994 19
