1746468020998 76.6 0
1746468603171 81.9 1
1746469186639 75.2 2
1746469765360 75.55000000000001 3
1746470351412 75.52000000000001 4
1746470939593 74.93333333333334 5
1746471527876 71.0 6
1746472110379 69.94999999999999 7
1746472695924 69.71111111111111 8
1746473286134 67.91999999999999 9
1746473877351 67.8 10
1746474469293 66.73333333333333 11
1746475061470 65.41538461538462 12
1746475654407 65.25714285714285 13
1746476247397 65.72000000000001 14
1746476841753 63.5375 15
1746477436447 61.952941176470574 16
1746478031657 62.81111111111112 17
1746478628118 61.58947368421053 18
