1746468020992 76.6 0
1746468603164 59.3 1
1746469186633 45.46666666666667 2
1746469765353 40.5 3
1746470351405 32.96 4
1746470939586 28.433333333333337 5
1746471527869 24.342857142857145 6
1746472110371 20.549999999999997 7
1746472695916 19.866666666666667 8
1746473286126 17.64 9
1746473877343 15.4 10
1746474469285 14.949999999999998 11
1746475061461 12.676923076923078 12
1746475654398 12.37142857142857 13
1746476247388 13.0 14
1746476841744 9.8875 15
1746477436437 8.952941176470588 16
1746478031647 8.722222222222221 17
1746478628108 9.0 18
1746479225533 7.69 19
