1746883352266 56.99999999999999 0
1746883944949 52.0 1
1746884538000 46.400000000000006 2
1746885130792 40.2 3
1746885725932 37.4 4
1746886313969 38.800000000000004 5
1746886901579 34.0 6
1746887491920 31.2 7
1746888086446 29.2 8
1746888677900 33.4 9
1746889268163 30.2 10
1746889858230 29.2 11
1746890452702 23.599999999999998 12
1746891045494 22.400000000000002 13
1746891639906 19.400000000000002 14
1746892237182 23.799999999999997 15
1746892842112 20.0 16
1746893447080 22.2 17
1746894050886 19.0 18
1746894659786 21.8 19
