1746883352243 56.99999999999999 0
1746883944935 62.8 1
1746884537976 55.800000000000004 2
1746885130778 48.9 3
1746885725917 47.519999999999996 4
1746886313954 43.13333333333333 5
1746886901564 39.91428571428572 6
1746887491904 34.25 7
1746888086429 31.77777777777778 8
1746888677884 32.8 9
1746889268146 28.65454545454546 10
1746889858212 27.766666666666666 11
1746890452684 26.000000000000004 12
1746891045476 25.342857142857145 13
1746891639887 24.439999999999998 14
1746892237162 25.125 15
1746892842092 22.258823529411767 16
