1746467976426 76.6 0
1746468554922 74.0 1
1746469130608 66.60000000000001 2
1746469703561 59.8 3
1746470276929 62.4 4
1746470852257 59.8 5
1746471424997 55.00000000000001 6
1746471997292 56.2 7
1746472573003 56.00000000000001 8
1746473149880 47.4 9
1746473728082 49.4 10
1746474306216 49.6 11
1746474885084 47.199999999999996 12
1746475464010 49.0 13
1746476044215 47.8 14
1746476625297 48.199999999999996 15
1746477206649 48.199999999999996 16
1746477789133 42.8 17
1746478372204 43.4 18
1746478956355 45.4 19
