1746467976420 76.6 0
1746468554910 34.4 1
1746469130588 18.6 2
1746469703535 13.600000000000001 3
1746470276896 9.8 4
1746470852218 7.3999999999999995 5
1746471424946 6.4 6
1746471997235 3.4000000000000004 7
1746472572938 2.8000000000000003 8
1746473149807 2.0 9
1746473728000 1.6 10
1746474306123 1.7999999999999998 11
1746474884980 1.7999999999999998 12
1746475463889 1.4000000000000001 13
1746476044090 0.2 14
1746476625155 0.4 15
1746477206496 1.2 16
1746477788968 0.8 17
1746478372023 1.6 18
1746478956163 0.8 19
