1746467976414 76.6 0
1746468554903 80.6 1
1746469130582 72.8 2
1746469703528 72.75 3
1746470276890 71.84 4
1746470852211 69.73333333333333 5
1746471424939 66.97142857142858 6
1746471997228 65.92500000000001 7
1746472572931 64.82222222222224 8
1746473149800 62.9 9
1746473727992 60.61818181818182 10
1746474306116 61.699999999999996 11
1746474884971 60.23076923076921 12
1746475463875 61.228571428571435 13
1746476044081 60.32000000000001 14
1746476625146 60.175 15
1746477206487 59.65882352941177 16
1746477788959 57.766666666666666 17
1746478372014 58.05263157894737 18
1746478956153 58.81999999999999 19
