1746467976408 76.6 0
1746468554897 60.599999999999994 1
1746469130575 42.199999999999996 2
1746469703522 38.45 3
1746470276882 30.120000000000005 4
1746470852204 25.63333333333333 5
1746471424932 21.2 6
1746471997221 17.45 7
1746472572923 17.53333333333333 8
1746473149791 14.62 9
1746473727985 12.70909090909091 10
1746474306108 12.016666666666666 11
1746474884963 10.538461538461538 12
1746475463860 10.442857142857141 13
1746476044073 10.853333333333333 14
1746476625137 8.825000000000001 15
1746477206478 7.823529411764706 16
1746477788950 7.48888888888889 17
1746478372004 8.021052631578948 18
1746478956144 6.720000000000001 19
