1746836895128 68.8 0
1746837478175 51.0 1
1746838062636 28.599999999999998 2
1746838647348 17.599999999999998 3
1746839232452 13.4 4
1746839817457 11.0 5
1746840404202 8.6 6
1746840998552 8.4 7
1746841594608 5.800000000000001 8
1746842183225 5.0 9
1746842771601 2.4 10
1746843361029 4.3999999999999995 11
1746843951263 6.4 12
1746844543018 2.6 13
1746845134469 4.0 14
1746845725090 4.6 15
1746846319221 4.6 16
1746846910936 3.5999999999999996 17
1746847506053 2.8000000000000003 18
1746848098557 4.2 19
