1746837478182 75.8 0
1746838062643 51.4 1
1746838647355 34.0 2
1746839232459 26.200000000000003 3
1746839817464 19.0 4
1746840404209 13.600000000000001 5
1746840998560 11.4 6
1746841594616 8.200000000000001 7
1746842183234 7.000000000000001 8
1746842771610 5.0 9
1746843361038 7.3999999999999995 10
1746843951272 5.4 11
1746844543027 4.8 12
1746845134478 4.2 13
1746845725100 4.3999999999999995 14
1746846319232 2.8000000000000003 15
1746846910946 4.6 16
1746847506063 5.6000000000000005 17
1746848098567 1.2 18
