1746836895120 68.8 0
1746837478168 74.0 1
1746838062629 70.2 2
1746838647341 65.35 3
1746839232444 63.08 4
1746839817449 60.5 5
1746840404194 62.57142857142858 6
1746840998544 61.05 7
1746841594599 60.51111111111111 8
1746842183217 60.04 9
1746842771593 50.8 10
1746843361021 58.18333333333333 11
1746843951254 58.12307692307692 12
1746844543009 57.89999999999999 13
1746845134459 58.25333333333333 14
1746845725081 55.45 15
1746846319211 53.305882352941175 16
1746846910926 56.63333333333334 17
1746847506043 55.073684210526324 18
1746848098547 52.69000000000001 19
