1747043546262 77.8 0
1747044140852 58.199999999999996 1
1747044728325 37.8 2
1747045317271 30.599999999999998 3
1747045905643 28.000000000000004 4
1747046498484 25.2 5
1747047099464 18.2 6
1747047701412 17.0 7
1747048299300 15.4 8
1747048900173 14.6 9
1747049500744 11.600000000000001 10
1747050093021 12.0 11
1747050686533 10.0 12
1747051279827 10.0 13
1747051879058 7.8 14
1747052472682 8.6 15
1747053065632 7.199999999999999 16
1747053661356 5.6000000000000005 17
1747054254792 7.000000000000001 18
