1747042956737 68.8 0
1747043546255 58.199999999999996 1
1747044140845 41.199999999999996 2
1747044728318 29.799999999999997 3
1747045317263 26.8 4
1747045905636 20.200000000000003 5
1747046498476 19.2 6
1747047099456 16.8 7
1747047701404 11.799999999999999 8
1747048299292 13.4 9
1747048900151 11.799999999999999 10
1747049500735 12.4 11
1747050093012 9.4 12
1747050686524 8.6 13
1747051279817 11.200000000000001 14
1747051879048 7.6 15
1747052472672 9.4 16
1747053065622 8.799999999999999 17
1747053661345 6.6000000000000005 18
1747054254781 8.4 19
