1747042956744 68.8 0
1747043546269 68.8 1
1747044140866 63.4 2
1747044728348 60.0 3
1747045317301 59.599999999999994 4
1747045905681 59.8 5
1747046498531 58.599999999999994 6
1747047099521 57.199999999999996 7
1747047701477 54.2 8
1747048299375 51.4 9
1747048900271 53.0 10
1747049500842 51.0 11
1747050093134 50.2 12
1747050686660 46.800000000000004 13
1747051279964 48.199999999999996 14
1747051879204 49.2 15
1747052472844 48.0 16
1747053065805 45.4 17
1747053661547 46.0 18
1747054255001 44.4 19
