1747042956723 68.8 0
1747043546240 68.0 1
1747044140830 54.333333333333336 2
1747044728301 41.9 3
1747045317248 38.36 4
1747045905620 35.46666666666667 5
1747046498460 33.714285714285715 6
1747047099439 30.8 7
1747047701387 30.71111111111111 8
1747048299275 29.04 9
1747048900133 27.527272727272727 10
1747049500717 25.05 11
1747050092994 24.384615384615383 12
1747050686505 22.12857142857143 13
1747051279798 22.186666666666664 14
1747051879028 19.4625 15
1747052472642 18.87058823529412 16
1747053065602 18.555555555555557 17
1747053661324 17.021052631578947 18
1747054254759 14.780000000000001 19
