1747056204154 78.2 0
1747057623670 67.0 1
1747059038468 69.8 2
1747060451899 68.60000000000001 3
1747061882479 60.6 4
1747063289384 60.6 5
1747064711958 63.6 6
1747066117162 60.199999999999996 7
1747067516925 58.599999999999994 8
1747068914153 57.99999999999999 9
1747070314417 55.00000000000001 10
1747071714662 52.400000000000006 11
1747073110947 51.0 12
1747074512769 51.4 13
1747075908779 53.800000000000004 14
1747077312360 53.6 15
1747078714507 52.2 16
1747080111849 50.2 17
1747081523166 55.00000000000001 18
1747082563386 48.199999999999996 19
