1747056204140 78.2 0
1747057623648 61.8 1
1747059038439 71.39999999999999 2
1747060451861 68.25 3
1747061882434 59.040000000000006 4
1747063289329 58.099999999999994 5
1747064711893 63.62857142857143 6
1747066117089 63.625 7
1747067516828 62.666666666666664 8
1747068914058 60.8 9
1747070314311 61.72727272727272 10
1747071714544 57.88333333333333 11
1747073110819 59.27692307692307 12
1747074512626 56.99999999999999 13
1747075908622 59.173333333333325 14
1747077312190 58.0 15
1747078714319 58.411764705882355 16
1747080111653 56.41111111111112 17
1747081522956 57.0 18
1747082563158 56.27 19
