1747056204132 78.2 0
1747057623640 51.900000000000006 1
1747059038432 55.73333333333333 2
1747060451853 44.6 3
1747061882426 29.96 4
1747063289321 28.133333333333336 5
1747064711885 31.657142857142862 6
1747066117081 30.599999999999998 7
1747067516813 26.97777777777778 8
1747068914049 23.16 9
1747070314302 21.327272727272728 10
1747071714535 19.666666666666668 11
1747073110809 21.107692307692307 12
1747074512616 17.014285714285712 13
1747075908612 19.38666666666667 14
1747077312180 17.1875 15
1747078714309 16.235294117647058 16
1747080111642 15.288888888888888 17
1747081522945 15.536842105263156 18
