1747056204168 97.96000000000001 0
1747057623692 79.42 1
1747059038498 100.0 2
1747060451937 99.98 3
1747061882525 86.6 4
1747063289439 81.89999999999999 5
1747064712025 99.96000000000001 6
1747066117237 99.98 7
1747067517010 99.96000000000001 8
1747068914250 98.92 9
1747070314524 97.92 10
1747071714780 94.58 11
1747073111077 100.0 12
1747074512913 92.86 13
1747075908934 99.94 14
1747077312531 100.0 15
1747078714692 100.0 16
1747080112049 99.94 17
1747081523379 99.96000000000001 18
1747082563613 99.98 19
