1746960195236 74.2 0
1746961098568 58.8 1
1746962003296 50.6 2
1746962907314 52.400000000000006 3
1746963812254 51.800000000000004 4
1746964718461 43.6 5
1746965625733 47.8 6
1746966533542 44.6 7
1746967440955 43.6 8
1746968349207 41.6 9
1746969259224 40.2 10
1746970169999 35.6 11
1746971082116 34.2 12
1746971993873 38.800000000000004 13
1746972913550 35.0 14
1746973826181 35.0 15
1746974741156 34.4 16
1746975655476 32.800000000000004 17
1746976571148 32.800000000000004 18
1746977486836 35.4 19
