1746960195229 74.2 0
1746961098553 26.200000000000003 1
1746962003275 19.0 2
1746962907285 32.0 3
1746963812217 26.400000000000002 4
1746964718415 17.599999999999998 5
1746965625678 26.400000000000002 6
1746966533479 21.0 7
1746967440882 16.0 8
1746968349123 10.2 9
1746969259130 12.2 10
1746970169894 9.0 11
1746971081993 6.6000000000000005 12
1746971993742 6.4 13
1746972913406 12.8 14
1746973826026 9.6 15
1746974740987 8.200000000000001 16
1746975655293 5.800000000000001 17
1746976570949 7.6 18
1746977486622 6.2 19
