1746962003289 66.60000000000001 0
1746962907299 32.800000000000004 1
1746963812231 27.200000000000003 2
1746964718430 18.6 3
1746965625694 16.0 4
1746966533494 15.6 5
1746967440898 12.0 6
1746968349140 8.4 7
1746969259147 11.600000000000001 8
1746970169911 11.0 9
1746971082016 7.199999999999999 10
1746971993763 10.4 11
1746972913425 8.799999999999999 12
1746973826046 8.200000000000001 13
1746974741007 7.000000000000001 14
1746975655314 3.5999999999999996 15
1746976570970 5.6000000000000005 16
1746977486643 4.3999999999999995 17
