1746960195215 74.2 0
1746961098538 43.5 1
1746962003261 36.2 2
1746962907270 42.8 3
1746963812202 38.720000000000006 4
1746964718399 23.599999999999998 5
1746965625663 26.599999999999998 6
1746966533462 21.675 7
1746967440866 19.88888888888889 8
1746968349106 18.24 9
1746969259113 18.654545454545453 10
1746970169876 14.833333333333334 11
1746971081961 12.384615384615383 12
1746971993710 14.542857142857144 13
1746972913387 15.066666666666665 14
1746973826007 13.025000000000002 15
1746974740967 11.388235294117647 16
1746975655273 9.61111111111111 17
1746976570928 10.105263157894736 18
1746977486600 8.34 19
