1746960195222 74.2 0
1746961098546 60.8 1
1746962003268 60.666666666666664 2
1746962907277 67.85 3
1746963812209 66.32000000000001 4
1746964718407 57.400000000000006 5
1746965625670 63.82857142857143 6
1746966533470 60.25 7
1746967440874 60.599999999999994 8
1746968349115 60.02 9
1746969259122 59.309090909090905 10
1746970169885 55.533333333333324 11
1746971081977 56.81538461538461 12
1746971993726 56.199999999999996 13
1746972913396 56.20000000000001 14
1746973826017 55.8 15
1746974740977 54.741176470588236 16
1746975655283 53.511111111111106 17
