1746906458021 56.99999999999999 0
1746907050706 64.60000000000001 1
1746907644977 65.2 2
1746908239726 58.199999999999996 3
1746908834444 57.8 4
1746909429092 51.800000000000004 5
1746910024926 50.4 6
1746910629072 43.8 7
1746911237801 49.0 8
1746911847341 47.4 9
1746912457873 44.800000000000004 10
1746913067286 40.400000000000006 11
1746913675128 44.2 12
1746914284672 44.6 13
1746914894581 38.0 14
1746915503886 40.8 15
1746916114383 40.6 16
1746916727091 38.6 17
1746917339414 40.400000000000006 18
1746917951605 36.0 19
