1746906458014 56.99999999999999 0
1746907050692 52.2 1
1746907644955 43.0 2
1746908239696 31.2 3
1746908834405 20.4 4
1746909429045 17.8 5
1746910024863 16.0 6
1746910629004 14.799999999999999 7
1746911237726 13.200000000000001 8
1746911847256 11.799999999999999 9
1746912457779 10.2 10
1746913067181 8.6 11
1746913675012 9.8 12
1746914284544 8.799999999999999 13
1746914894439 5.6000000000000005 14
1746915503731 6.6000000000000005 15
1746916114215 7.8 16
1746916726905 8.6 17
1746917339218 8.799999999999999 18
1746917951391 4.6 19
