1746906458000 56.99999999999999 0
1746907050677 61.5 1
1746907644941 56.333333333333336 2
1746908239681 47.25 3
1746908834389 40.44 4
1746909429029 35.53333333333333 5
1746910024836 31.97142857142857 6
1746910628988 26.375 7
1746911237709 25.06666666666667 8
1746911847238 23.439999999999998 9
1746912457762 21.30909090909091 10
1746913067163 19.433333333333334 11
1746913674994 18.56923076923077 12
1746914284526 17.24285714285714 13
1746914894420 16.88 14
1746915503712 15.575 15
1746916114195 15.694117647058825 16
1746916726884 15.122222222222222 17
1746917339197 14.052631578947368 18
1746917951370 12.580000000000002 19
