1746906458007 56.99999999999999 0
1746907050684 72.60000000000001 1
1746907644948 73.33333333333333 2
1746908239689 70.5 3
1746908834397 68.2 4
1746909429037 65.13333333333334 5
1746910024849 66.45714285714284 6
1746910628996 61.7 7
1746911237718 62.3111111111111 8
1746911847247 61.0 9
1746912457771 61.03636363636363 10
1746913067172 59.1 11
1746913675003 58.8 12
1746914284535 57.771428571428565 13
1746914894429 56.160000000000004 14
1746915503722 54.35 15
1746916114205 56.44705882352941 16
1746916726894 56.48888888888889 17
1746917339207 56.46315789473684 18
1746917951380 56.580000000000005 19
