1746906458028 66.8 0
1746907050720 94.84 1
1746907644999 93.12 2
1746908239755 91.47999999999999 3
1746908834482 91.16 4
1746909429138 90.88000000000001 5
1746910024981 90.24 6
1746910629137 92.30000000000001 7
1746911237877 91.18 8
1746911847426 87.02 9
1746912457969 87.28 10
1746913067392 84.74000000000001 11
1746913675245 80.04 12
1746914284803 88.94 13
1746914894724 82.48 14
1746915504041 65.84 15
1746916114551 63.46000000000001 16
1746916727274 53.94 17
1746917339616 28.4 18
1746917951819 12.379999999999999 19
