1746964501600 73.6 0
1746965092244 71.2 1
1746965683706 69.39999999999999 2
1746966276208 70.19999999999999 3
1746966869128 63.6 4
1746967462489 64.2 5
1746968057579 62.4 6
1746968652965 61.0 7
1746969248442 61.199999999999996 8
1746969845283 59.199999999999996 9
1746970442518 58.599999999999994 10
1746971040576 61.6 11
1746971638737 54.400000000000006 12
1746972234161 52.0 13
1746972832481 50.8 14
1746973432570 53.2 15
1746974033404 51.0 16
1746974633194 50.2 17
1746975233515 51.800000000000004 18
1746975832799 49.8 19
