1746965092252 72.2 0
1746965683713 64.60000000000001 1
1746966276216 62.6 2
1746966869135 63.4 3
1746967462497 58.8 4
1746968057587 55.60000000000001 5
1746968652973 54.800000000000004 6
1746969248450 51.800000000000004 7
1746969845292 54.0 8
1746970442526 53.2 9
1746971040585 51.6 10
1746971638746 50.4 11
1746972234171 47.599999999999994 12
1746972832490 50.2 13
1746973432580 52.400000000000006 14
1746974033413 50.0 15
1746974633205 46.2 16
1746975233526 43.8 17
1746975832809 42.199999999999996 18
