1746964501564 73.6 0
1746965092216 62.0 1
1746965683670 54.333333333333336 2
1746966276163 47.1 3
1746966869047 37.4 4
1746967462429 36.53333333333333 5
1746968057481 34.371428571428574 6
1746968652886 33.325 7
1746969248354 31.91111111111111 8
1746969845183 28.879999999999995 9
1746970442408 28.236363636363638 10
1746971040454 26.73333333333333 11
1746971638604 24.47692307692308 12
1746972234014 21.942857142857147 13
1746972832319 21.88 14
1746973432398 20.5375 15
1746974033217 20.247058823529414 16
1746974632994 18.2 17
1746975233298 18.252631578947366 18
1746975832566 16.09 19
