1746964501577 73.6 0
1746965092223 71.7 1
1746965683677 70.39999999999999 2
1746966276171 70.05 3
1746966869064 65.96000000000001 4
1746967462437 65.66666666666667 5
1746968057498 64.82857142857144 6
1746968652894 65.9 7
1746969248362 65.64444444444445 8
1746969845192 64.19999999999999 9
1746970442417 64.54545454545455 10
1746971040463 64.68333333333334 11
1746971638613 62.923076923076934 12
1746972234023 61.75714285714286 13
1746972832329 62.78666666666667 14
1746973432408 62.325 15
1746974033227 61.611764705882344 16
1746974633004 59.733333333333334 17
1746975233308 60.642105263157895 18
1746975832576 58.339999999999996 19
