1746013338537 76.6 0
1746013929024 71.6 1
1746014529305 66.0 2
1746015109606 68.60000000000001 3
1746015703177 65.8 4
1746016297334 64.8 5
1746016888904 64.2 6
1746017475915 57.99999999999999 7
1746018060124 57.99999999999999 8
1746018652652 57.8 9
1746019241730 56.00000000000001 10
1746019824219 58.199999999999996 11
1746020411853 55.2 12
1746020996384 56.39999999999999 13
1746021586967 55.2 14
1746022174912 52.800000000000004 15
1746022763757 51.2 16
1746023353105 57.4 17
1746023944587 51.6 18
1746024539319 49.0 19
