1746013338531 76.6 0
1746013929012 32.0 1
1746014529287 16.0 2
1746015109581 13.600000000000001 3
1746015703144 15.2 4
1746016297292 8.200000000000001 5
1746016888855 7.6 6
1746017475858 4.8 7
1746018060058 6.800000000000001 8
1746018652576 5.4 9
1746019241644 4.0 10
1746019824125 4.0 11
1746020411749 1.7999999999999998 12
1746020996270 1.6 13
1746021586838 1.4000000000000001 14
1746022174774 1.7999999999999998 15
1746022763607 1.7999999999999998 16
1746023352938 0.4 17
1746023944404 1.0 18
1746024539124 1.7999999999999998 19
