1746013338525 76.6 0
1746013929006 78.4 1
1746014529281 71.8 2
1746015109574 73.55 3
1746015703138 73.11999999999999 4
1746016297285 71.56666666666668 5
1746016888848 70.48571428571428 6
1746017475851 69.425 7
1746018060051 69.6 8
1746018652568 69.26 9
1746019241637 68.14545454545454 10
1746019824118 68.35 11
1746020411742 66.56923076923077 12
1746020996262 67.18571428571428 13
1746021586829 67.82666666666667 14
1746022174765 64.025 15
1746022763598 65.72941176470587 16
1746023352922 65.48888888888888 17
