1746013338519 76.6 0
1746013929000 58.5 1
1746014529275 40.86666666666667 2
1746015109568 34.25 3
1746015703131 32.0 4
1746016297278 27.266666666666666 5
1746016888841 23.2 6
1746017475843 21.625 7
1746018060044 20.6 8
1746018652561 18.68 9
1746019241629 15.545454545454545 10
1746019824110 15.616666666666667 11
1746020411733 13.138461538461538 12
1746020996254 12.571428571428571 13
1746021586817 11.56 14
1746022174756 11.3375 15
1746022763588 10.376470588235295 16
1746023352906 9.088888888888889 17
1746023944385 8.536842105263156 18
