1746952709615 73.6 0
1746953308054 47.599999999999994 1
1746953907123 56.39999999999999 2
1746954507811 42.8 3
1746955108893 34.2 4
1746955709828 36.4 5
1746956312164 30.8 6
1746956915196 28.799999999999997 7
1746957518799 29.599999999999998 8
1746958124262 25.8 9
1746958729952 22.6 10
1746959335935 24.6 11
1746959943297 18.4 12
1746960550374 20.599999999999998 13
1746961158503 16.6 14
1746961767079 19.400000000000002 15
1746962375938 20.4 16
1746962985818 15.6 17
1746963595107 18.2 18
1746964204550 16.6 19
