1746952709601 73.6 0
1746953308040 55.9 1
1746953907108 57.06666666666666 2
1746954507796 46.25 3
1746955108868 40.120000000000005 4
1746955709812 39.06666666666666 5
1746956312148 37.51428571428572 6
1746956915180 35.575 7
1746957518783 33.55555555555556 8
1746958124233 32.04 9
1746958729935 30.436363636363637 10
1746959335917 30.933333333333337 11
1746959943266 24.907692307692308 12
1746960550356 25.885714285714293 13
1746961158485 23.84 14
1746961767059 23.7875 15
1746962375918 22.682352941176468 16
1746962985798 21.400000000000002 17
1746963595086 21.652631578947368 18
1746964204528 20.4 19
