1746952709608 73.6 0
1746953308047 69.30000000000001 1
1746953907116 73.2 2
1746954507804 70.05 3
1746955108881 67.03999999999999 4
1746955709820 67.6 5
1746956312156 69.05714285714285 6
1746956915188 69.775 7
1746957518791 68.2 8
1746958124247 68.30000000000001 9
1746958729943 68.92727272727274 10
1746959335926 68.68333333333332 11
1746959943282 65.41538461538461 12
1746960550365 67.05714285714286 13
1746961158494 65.03999999999999 14
1746961767069 65.2375 15
1746962375928 65.0 16
1746962985808 64.04444444444444 17
1746963595097 65.06315789473685 18
1746964204539 64.18 19
