1746832371649 78.0 0
1746833271593 70.8 1
1746834170064 70.39999999999999 2
1746835071539 68.4 3
1746835971812 65.60000000000001 4
1746836869157 59.4 5
1746837766430 59.599999999999994 6
1746838664184 61.0 7
1746839563213 58.8 8
1746840463315 55.800000000000004 9
1746841361827 52.400000000000006 10
1746842261809 52.400000000000006 11
1746843165769 52.0 12
1746844071274 50.8 13
1746844973480 50.4 14
1746845876239 47.599999999999994 15
1746846778480 48.0 16
1746847681917 48.199999999999996 17
1746848584771 46.800000000000004 18
1746849488685 42.6 19
