1746832371629 78.0 0
1746833271550 64.2 1
1746834170029 54.13333333333333 2
1746835071496 49.55 3
1746835971760 40.96 4
1746836869095 35.4 5
1746837766360 29.685714285714287 6
1746838664105 29.7 7
1746839563122 30.311111111111114 8
1746840463214 24.96 9
1746841361716 24.345454545454547 10
1746842261688 22.816666666666663 11
1746843165634 19.615384615384617 12
1746844071131 19.95714285714286 13
1746844973322 19.186666666666664 14
1746845876066 16.025000000000002 15
1746846778297 14.729411764705882 16
1746847681702 15.455555555555556 17
1746848584554 13.86315789473684 18
1746849488452 13.63 19
