1746832371636 78.0 0
1746833271562 77.8 1
1746834170036 74.86666666666666 2
1746835071504 75.9 3
1746835971768 73.4 4
1746836869103 71.53333333333333 5
1746837766368 66.42857142857142 6
1746838664113 67.525 7
1746839563130 66.37777777777777 8
1746840463222 63.56 9
1746841361726 62.18181818181818 10
1746842261697 61.46666666666665 11
1746843165643 60.16923076923077 12
1746844071140 59.871428571428574 13
1746844973331 59.97333333333332 14
1746845876076 57.512499999999996 15
1746846778307 55.35294117647059 16
1746847681717 55.166666666666664 17
