1746456322835 76.6 0
1746456892645 76.4 1
1746457467057 72.8 2
1746458045273 70.05 3
1746458623038 69.0 4
1746459201613 67.26666666666667 5
1746459786180 66.4 6
1746460371173 64.15 7
1746460952370 65.53333333333335 8
1746461534063 64.08 9
1746462116401 63.23636363636363 10
1746462699509 61.783333333333324 11
1746463283820 61.73846153846154 12
1746463864684 61.557142857142864 13
1746464441506 60.94666666666667 14
1746465031289 58.95 15
1746465619365 58.92941176470588 16
1746466207689 59.72222222222222 17
1746466796558 57.78947368421053 18
1746467386791 57.42 19
