1746456322829 76.6 0
1746456892639 57.0 1
1746457467050 42.13333333333333 2
1746458045266 29.950000000000003 3
1746458623032 27.4 4
1746459201607 23.46666666666667 5
1746459786168 19.8 6
1746460371166 17.85 7
1746460952363 17.22222222222222 8
1746461534055 15.719999999999999 9
1746462116393 13.47272727272727 10
1746462699502 12.800000000000002 11
1746463283812 11.107692307692306 12
1746463864676 10.528571428571427 13
1746464441497 9.133333333333333 14
1746465031280 8.700000000000001 15
1746465619356 7.729411764705882 16
1746466207679 7.5 17
