1747014838783 66.4 0
1747015735420 21.6 1
1747016634280 21.2 2
1747017535285 22.400000000000002 3
1747018434798 22.400000000000002 4
1747019335706 15.0 5
1747020238535 17.599999999999998 6
1747021141727 15.8 7
1747022053006 16.0 8
1747022973891 10.2 9
1747023895923 13.600000000000001 10
1747024825495 10.6 11
1747025755935 13.200000000000001 12
1747026686354 12.4 13
1747027618327 4.8 14
1747028551109 9.8 15
1747029465887 7.3999999999999995 16
1747030376214 5.6000000000000005 17
1747031285388 9.4 18
1747032222831 9.4 19
