1747014838790 66.4 0
1747015735434 56.2 1
1747016634302 44.800000000000004 2
1747017535315 41.8 3
1747018434839 38.800000000000004 4
1747019335752 37.8 5
1747020238601 40.400000000000006 6
1747021141791 35.6 7
1747022053081 35.199999999999996 8
1747022973983 35.4 9
1747023896019 32.2 10
1747024825601 33.6 11
1747025756053 33.800000000000004 12
1747026686486 32.6 13
1747027618469 33.800000000000004 14
1747028551264 32.800000000000004 15
1747029466057 34.599999999999994 16
1747030376399 31.4 17
1747031285590 28.4 18
1747032223043 27.400000000000002 19
