1747014838776 66.4 0
1747015735412 65.5 1
1747016634273 65.33333333333333 2
1747017535278 63.05 3
1747018434791 63.48 4
1747019335698 62.333333333333336 5
1747020238518 60.65714285714286 6
1747021141719 58.075 7
1747022052998 56.577777777777776 8
1747022973876 56.239999999999995 9
1747023895915 54.25454545454546 10
1747024825486 55.416666666666664 11
1747025755926 53.8 12
1747026686344 53.01428571428571 13
1747027618317 53.55999999999999 14
1747028551100 51.75 15
1747029465877 52.25882352941176 16
1747030376204 49.17777777777778 17
1747031285377 50.06315789473685 18
1747032222819 49.84 19
