1747014838769 66.4 0
1747015735405 47.599999999999994 1
1747016634266 45.93333333333334 2
1747017535270 38.10000000000001 3
1747018434783 33.720000000000006 4
1747019335690 29.299999999999997 5
1747020238500 25.0 6
1747021141711 21.275 7
1747022052989 20.822222222222226 8
1747022973861 19.06 9
1747023895906 17.436363636363637 10
1747024825476 14.916666666666666 11
1747025755916 15.27692307692308 12
1747026686335 13.142857142857142 13
1747027618307 11.479999999999999 14
1747028551090 11.4625 15
1747029465867 10.011764705882353 16
1747030376194 9.322222222222223 17
1747031285366 8.799999999999999 18
1747032222809 8.22 19
