1747187721281 74.2 0
1747188625239 66.4 1
1747189529680 70.6 2
1747190437967 63.800000000000004 3
1747191348218 64.2 4
1747192258464 65.2 5
1747193169516 58.599999999999994 6
1747194081992 55.400000000000006 7
1747194993160 53.2 8
1747195903181 53.2 9
1747196813024 51.6 10
1747197727192 46.800000000000004 11
1747198640480 51.4 12
1747199555053 48.199999999999996 13
1747200470023 50.0 14
1747201386515 44.6 15
1747202302428 52.0 16
1747203219749 51.6 17
1747204138455 48.8 18
1747205060757 46.400000000000006 19
