1747187721266 74.2 0
1747188625217 69.30000000000001 1
1747189529650 77.0 2
1747190437929 74.69999999999999 3
1747191348157 74.08 4
1747192258408 74.3 5
1747193169451 71.8 6
1747194081918 68.875 7
1747194993061 64.19999999999999 8
1747195903086 67.68 9
1747196812915 66.47272727272728 10
1747197727075 52.03333333333333 11
1747198640351 63.73846153846153 12
1747199554907 62.714285714285715 13
1747200469869 63.559999999999995 14
1747201386336 61.0375 15
1747202302247 62.082352941176474 16
1747203219553 62.044444444444444 17
1747204138236 60.78947368421053 18
1747205060516 60.279999999999994 19
