1747187721259 74.2 0
1747188625210 52.5 1
1747189529642 60.400000000000006 2
1747190437921 47.65 3
1747191348143 44.04 4
1747192258400 43.666666666666664 5
1747193169443 38.25714285714285 6
1747194081909 32.275000000000006 7
1747194993046 26.11111111111111 8
1747195903078 26.619999999999997 9
1747196812906 27.727272727272727 10
1747197727066 12.9 11
1747198640341 20.615384615384617 12
1747199554897 21.300000000000004 13
1747200469859 24.266666666666666 14
1747201386319 17.525 15
1747202302237 16.49411764705882 16
1747203219543 19.366666666666664 17
1747204138212 17.30526315789474 18
1747205060491 15.4 19
