1747187721295 98.78 0
1747188625261 88.7 1
1747189529710 99.98 2
1747190438006 98.68 3
1747191348265 99.98 4
1747192258520 100.0 5
1747193169582 99.96000000000001 6
1747194082066 99.98 7
1747194993244 93.52000000000001 8
1747195903276 100.0 9
1747196813133 99.98 10
1747197727311 60.660000000000004 11
1747198640610 100.0 12
1747199555199 99.3 13
1747200470179 99.98 14
1747201386688 97.02 15
1747202302609 99.83999999999999 16
1747203219948 100.0 17
1747204138672 99.72 18
1747205060989 99.53999999999999 19
