1747187721288 98.78 0
1747188625254 84.42 1
1747189529703 98.22 2
1747190437998 96.98 3
1747191348257 99.68 4
1747192258512 99.46000000000001 5
1747193169574 96.0 6
1747194082058 99.11999999999999 7
1747194993236 91.03999999999999 8
1747195903267 99.94 9
1747196813124 96.04 10
1747197727302 57.220000000000006 11
1747198640601 99.3 12
1747199555189 97.39999999999999 13
1747200470170 89.48 14
1747201386678 93.34 15
1747202302599 99.8 16
1747203219937 99.46000000000001 17
1747204138661 98.52 18
1747205060978 98.42 19
