1709911295918 66.0 0
1709911557625 66.5 1
1709911848888 66.0 2
1709912148283 66.0 3
1709912448784 65.5 4
1709912780665 65.5 5
1709913091489 66.0 6
1709913344237 65.0 7
1709913554774 64.5 8
1709913764533 65.0 9
1709913976853 65.5 10
1709914197280 64.0 11
1709914421841 57.49999999999999 12
1709914651949 58.5 13
1709914887398 56.00000000000001 14
1709915131500 56.00000000000001 15
1709915379414 53.5 16
1709915634153 53.5 17
1709915893965 53.5 18
1709916162554 53.0 19
1709916367631 53.0 20
1709916568099 53.5 21
1709916769752 54.50000000000001 22
