1709908112002 95.5 0
1709908274227 93.5 1
1709908439859 92.0 2
1709908543691 92.0 3
1709908647956 91.5 4
1709908753524 91.0 5
1709908861706 91.5 6
1709908970081 91.5 7
1709909075950 91.0 8
1709909191630 91.0 9
1709909307672 90.5 10
1709909422976 91.0 11
1709909542346 91.5 12
1709909660696 89.5 13
1709909782456 90.0 14
1709909905437 90.5 15
1709910027787 90.5 16
1709910156197 90.5 17
1709910282988 89.5 18
1709910415163 89.0 19
1709910551080 89.5 20
1709910683717 90.5 21
1709910821364 90.5 22
1709910960291 90.0 23
1709911106417 89.5 24
1709911295953 90.0 25
1709911557672 90.0 26
1709911848952 90.0 27
1709912148371 90.0 28
1709912448886 90.5 29
1709912780772 90.0 30
1709913091611 89.5 31
1709913344373 90.0 32
1709913554928 89.5 33
1709913764706 89.0 34
1709913977041 88.5 35
1709914197524 88.0 36
1709914422072 88.0 37
1709914652198 88.5 38
1709914887666 88.5 39
1709915131788 88.5 40
1709915379740 88.0 41
1709915634506 88.0 42
1709915894339 88.0 43
1709916163034 88.0 44
1709916368041 87.5 45
1709916568539 87.5 46
1709916770225 87.5 47
