1709911557637 57.49999999999999 0
1709911848901 57.49999999999999 1
1709912148299 57.49999999999999 2
1709912448796 56.49999999999999 3
1709912780678 55.50000000000001 4
1709913091503 55.50000000000001 5
1709913344251 55.00000000000001 6
1709913554788 55.50000000000001 7
1709913764547 54.50000000000001 8
1709913976867 54.50000000000001 9
1709914197295 54.50000000000001 10
1709914421856 55.00000000000001 11
1709914651964 55.00000000000001 12
1709914887413 55.50000000000001 13
1709915131515 55.50000000000001 14
1709915379436 55.00000000000001 15
1709915634170 55.00000000000001 16
1709915893983 55.00000000000001 17
1709916162572 55.50000000000001 18
1709916367649 55.50000000000001 19
1709916568117 54.50000000000001 20
1709916769771 53.5 21
