1709910156356 95.0 0
1709910283162 95.5 1
1709910415340 96.5 2
1709910551261 96.5 3
1709910683896 96.5 4
1709910821545 96.0 5
1709910960495 96.0 6
1709911106642 96.0 7
1709911296160 96.0 8
1709911557888 96.0 9
1709911849183 96.0 10
1709912148589 96.0 11
1709912449197 95.5 12
1709912781001 95.0 13
1709913091838 96.5 14
1709913344605 96.0 15
1709913555166 96.5 16
1709913764959 96.0 17
1709913977289 95.5 18
1709914197786 96.0 19
1709914422335 95.5 20
1709914652461 96.0 21
1709914887937 95.0 22
1709915132064 95.0 23
1709915380022 95.5 24
1709915634796 95.5 25
1709915894634 95.5 26
1709916163367 95.0 27
1709916368347 95.5 28
1709916568858 95.5 29
1709916770543 96.0 30
