1709908274207 83.0 0
1709908439834 77.0 1
1709908543657 74.0 2
1709908647899 72.0 3
1709908753444 68.0 4
1709908861647 62.0 5
1709908970017 61.0 6
1709909075875 63.0 7
1709909191548 47.0 8
1709909307575 43.0 9
1709909422867 42.5 10
1709909542224 42.0 11
1709909660564 43.5 12
1709909782308 44.5 13
1709909905279 45.0 14
1709910027616 44.0 15
1709910156018 45.0 16
1709910282790 45.0 17
1709910414949 42.0 18
1709910550848 42.0 19
1709910683470 40.5 20
1709910821099 41.0 21
1709910960010 41.5 22
1709911106123 41.0 23
1709911295626 41.5 24
1709911557325 41.0 25
1709911848595 39.0 26
1709912147911 38.5 27
1709912448444 38.0 28
1709912780336 39.0 29
1709913091145 38.5 30
1709913343891 38.0 31
1709913554433 37.5 32
1709913764192 37.0 33
1709913976492 37.0 34
1709914196904 37.0 35
1709914421474 37.0 36
1709914651569 37.0 37
1709914887013 36.5 38
1709915131104 36.5 39
1709915378989 36.0 40
1709915633749 28.999999999999996 41
1709915893553 28.999999999999996 42
1709916162108 28.999999999999996 43
1709916367203 28.000000000000004 44
1709916567657 27.0 45
1709916769293 27.0 46
