1709908111984 75.0 0
1709908274201 62.0 1
1709908439827 57.99999999999999 2
1709908543651 62.5 3
1709908647892 61.0 4
1709908753436 56.49999999999999 5
1709908861641 56.99999999999999 6
1709908970010 56.49999999999999 7
1709909075868 56.49999999999999 8
1709909191540 52.5 9
1709909307567 52.5 10
1709909422859 52.0 11
1709909542215 50.0 12
1709909660555 34.0 13
1709909782299 35.0 14
1709909905271 35.0 15
1709910027606 35.5 16
1709910156009 35.0 17
1709910282780 35.0 18
1709910414939 35.0 19
1709910550836 35.5 20
1709910683459 32.5 21
1709910821086 33.0 22
1709910959998 33.0 23
1709911106111 31.5 24
1709911295613 31.5 25
1709911557313 31.5 26
1709911848583 32.5 27
1709912147889 31.5 28
1709912448432 32.0 29
1709912780323 31.5 30
1709913091131 30.5 31
1709913343877 31.5 32
1709913554419 23.5 33
1709913764177 21.0 34
1709913976478 22.5 35
1709914196890 21.5 36
1709914421458 19.5 37
1709914651553 16.0 38
1709914886996 16.5 39
1709915131088 16.5 40
1709915378972 19.5 41
1709915633732 20.0 42
1709915893536 19.5 43
1709916162090 14.000000000000002 44
1709916367185 14.000000000000002 45
1709916567639 14.000000000000002 46
1709916769275 15.0 47
