1709909542320 55.50000000000001 0
1709909660662 53.5 1
1709909782408 54.50000000000001 2
1709909905380 54.0 3
1709910027719 51.0 4
1709910156122 45.5 5
1709910282898 46.0 6
1709910415060 45.0 7
1709910550961 44.5 8
1709910683589 42.0 9
1709910821221 42.0 10
1709910960136 42.0 11
1709911106247 40.5 12
1709911295769 36.0 13
1709911557469 36.0 14
1709911848729 36.0 15
1709912148073 36.5 16
1709912448614 37.0 17
1709912780492 33.0 18
1709913091315 31.5 19
1709913344060 31.0 20
1709913554592 28.499999999999996 21
1709913764351 28.499999999999996 22
1709913976664 28.499999999999996 23
1709914197077 28.999999999999996 24
1709914421643 27.0 25
1709914651748 26.5 26
1709914887194 22.5 27
1709915131291 21.5 28
1709915379179 17.5 29
1709915633934 17.5 30
1709915893741 17.0 31
1709916162309 16.5 32
1709916367399 16.5 33
1709916567859 16.0 34
1709916769496 15.0 35
