1709908861748 99.5 0
1709908970125 99.5 1
1709909076005 99.5 2
1709909191676 99.5 3
1709909307720 99.0 4
1709909423025 99.0 5
1709909542398 99.0 6
1709909660748 99.0 7
1709909782515 99.0 8
1709909905490 99.0 9
1709910027843 99.0 10
1709910156253 99.5 11
1709910283051 99.5 12
1709910415228 99.5 13
1709910551150 99.5 14
1709910683780 99.0 15
1709910821427 99.0 16
1709910960374 99.0 17
1709911106500 99.5 18
1709911296035 99.5 19
1709911557744 99.5 20
1709911849043 99.5 21
1709912148449 99.5 22
1709912448995 99.5 23
1709912780852 99.5 24
1709913091691 99.5 25
1709913344455 99.5 26
1709913555012 99.5 27
1709913764793 99.5 28
1709913977128 99.5 29
1709914197617 99.5 30
1709914422164 99.5 31
1709914652292 99.5 32
1709914887762 99.0 33
1709915131885 99.0 34
1709915379841 99.0 35
1709915634608 99.5 36
1709915894442 98.5 37
1709916163158 98.5 38
1709916368149 98.5 39
1709916568649 98.5 40
1709916770339 99.0 41
