1709908647927 63.0 0
1709908753475 61.0 1
1709908861669 60.0 2
1709908970038 56.49999999999999 3
1709909075897 58.5 4
1709909191570 48.5 5
1709909307598 48.5 6
1709909422890 47.5 7
1709909542251 42.0 8
1709909660590 43.0 9
1709909782335 41.0 10
1709909905306 42.0 11
1709910027644 41.5 12
1709910156047 40.5 13
1709910282820 33.0 14
1709910414978 31.0 15
1709910550879 30.5 16
1709910683502 31.5 17
1709910821133 29.5 18
1709910960044 29.5 19
1709911106156 26.0 20
1709911295661 26.0 21
1709911557360 23.5 22
1709911848632 24.5 23
1709912147974 19.0 24
1709912448487 19.5 25
1709912780375 20.0 26
1709913091186 20.5 27
1709913343936 21.5 28
1709913554474 20.5 29
1709913764234 17.5 30
1709913976546 16.5 31
1709914196955 15.0 32
1709914421522 14.499999999999998 33
1709914651618 15.5 34
1709914887064 15.0 35
1709915131163 14.000000000000002 36
1709915379040 15.0 37
1709915633799 15.0 38
1709915893605 13.5 39
1709916162161 13.5 40
1709916367256 13.0 41
1709916567712 13.0 42
1709916769349 12.5 43
