1709910283172 96.0 0
1709910415350 96.0 1
1709910551271 96.0 2
1709910683907 96.0 3
1709910821555 96.0 4
1709910960506 96.0 5
1709911106654 96.0 6
1709911296171 96.0 7
1709911557900 96.0 8
1709911849195 96.0 9
1709912148601 96.5 10
1709912449218 96.5 11
1709912781014 96.5 12
1709913091852 96.5 13
1709913344619 96.5 14
1709913555181 96.5 15
1709913764973 96.5 16
1709913977304 96.5 17
1709914197801 96.5 18
1709914422350 96.5 19
1709914652476 96.5 20
1709914887953 96.5 21
1709915132080 96.5 22
1709915380039 96.5 23
1709915634813 96.5 24
1709915894651 96.0 25
1709916163384 96.5 26
1709916368365 96.0 27
1709916568876 96.0 28
1709916770561 96.0 29
