1709908753487 66.5 0
1709908861676 66.5 1
1709908970046 56.00000000000001 2
1709909075905 54.50000000000001 3
1709909191578 45.5 4
1709909307606 44.5 5
1709909422899 44.0 6
1709909542259 45.0 7
1709909660599 44.5 8
1709909782343 42.0 9
1709909905314 42.0 10
1709910027655 40.0 11
1709910156056 33.5 12
1709910282831 32.5 13
1709910414988 31.5 14
1709910550889 31.5 15
1709910683513 28.000000000000004 16
1709910821143 28.499999999999996 17
1709910960055 25.5 18
1709911106168 26.0 19
1709911295672 25.0 20
1709911557373 24.5 21
1709911848644 23.5 22
1709912147987 23.0 23
1709912448505 20.5 24
1709912780388 22.0 25
1709913091199 21.5 26
1709913343949 21.5 27
1709913554488 22.0 28
1709913764251 21.0 29
1709913976561 21.5 30
1709914196974 21.0 31
1709914421537 20.0 32
1709914651634 19.5 33
1709914887080 21.0 34
1709915131179 20.0 35
1709915379056 20.0 36
1709915633816 19.0 37
1709915893622 20.0 38
1709916162179 19.5 39
1709916367274 17.5 40
1709916567731 17.5 41
1709916769367 17.0 42
