1709909905409 42.5 0
1709910027746 42.0 1
1709910156150 42.0 2
1709910282928 42.0 3
1709910415089 37.0 4
1709910550993 36.0 5
1709910683621 34.5 6
1709910821254 34.5 7
1709910960170 34.0 8
1709911106282 34.0 9
1709911295803 34.0 10
1709911557506 34.0 11
1709911848765 33.0 12
1709912148128 33.5 13
1709912448652 33.5 14
1709912780532 33.5 15
1709913091355 32.5 16
1709913344101 31.5 17
1709913554635 32.0 18
1709913764394 32.0 19
1709913976707 32.5 20
1709914197121 32.0 21
1709914421689 32.0 22
1709914651795 31.5 23
1709914887241 31.5 24
1709915131340 31.0 25
1709915379230 31.0 26
1709915633984 31.0 27
1709915893793 30.5 28
1709916162365 30.0 29
1709916367453 29.5 30
1709916567915 28.499999999999996 31
1709916769553 28.499999999999996 32
