1709910156168 59.5 0
1709910282948 56.49999999999999 1
1709910415114 56.00000000000001 2
1709910551014 55.00000000000001 3
1709910683643 55.00000000000001 4
1709910821278 54.50000000000001 5
1709910960192 52.5 6
1709911106305 51.5 7
1709911295826 48.0 8
1709911557530 47.0 9
1709911848790 47.0 10
1709912148170 48.5 11
1709912448677 47.0 12
1709912780558 44.0 13
1709913091382 44.5 14
1709913344128 44.0 15
1709913554663 43.5 16
1709913764422 43.0 17
1709913976736 46.0 18
1709914197162 45.0 19
1709914421719 44.0 20
1709914651826 44.0 21
1709914887273 40.5 22
1709915131372 39.0 23
1709915379265 37.5 24
1709915634018 37.0 25
1709915893827 37.0 26
1709916162403 36.5 27
1709916367489 37.0 28
1709916567952 37.5 29
1709916769591 36.0 30
