1709908970133 86.5 0
1709909076014 86.5 1
1709909191683 88.0 2
1709909307728 88.0 3
1709909423034 88.0 4
1709909542406 87.5 5
1709909660756 87.0 6
1709909782524 88.0 7
1709909905499 88.0 8
1709910027853 88.0 9
1709910156262 89.0 10
1709910283061 88.0 11
1709910415237 88.5 12
1709910551160 88.5 13
1709910683790 88.5 14
1709910821437 87.5 15
1709910960385 87.5 16
1709911106512 86.0 17
1709911296047 87.0 18
1709911557757 86.0 19
1709911849055 86.0 20
1709912148462 86.5 21
1709912449017 87.0 22
1709912780865 86.5 23
1709913091705 86.5 24
1709913344469 86.5 25
1709913555026 86.5 26
1709913764808 86.5 27
1709913977143 87.0 28
1709914197632 86.0 29
1709914422180 87.5 30
1709914652307 87.0 31
1709914887778 87.0 32
1709915131901 86.0 33
1709915379857 86.5 34
1709915634625 86.5 35
1709915894460 86.5 36
1709916163178 86.5 37
1709916368167 86.5 38
1709916568668 86.5 39
1709916770357 87.0 40
