1709908753577 92.0 0
1709908861741 93.5 1
1709908970118 93.0 2
1709909075996 92.0 3
1709909191668 93.5 4
1709909307712 94.0 5
1709909423017 94.0 6
1709909542389 93.5 7
1709909660740 93.0 8
1709909782505 93.5 9
1709909905482 93.0 10
1709910027834 93.0 11
1709910156243 92.0 12
1709910283040 92.0 13
1709910415218 92.5 14
1709910551140 92.5 15
1709910683770 92.5 16
1709910821416 92.5 17
1709910960363 92.5 18
1709911106486 92.0 19
1709911296018 92.0 20
1709911557732 92.5 21
1709911849031 92.5 22
1709912148436 92.5 23
1709912448972 91.5 24
1709912780838 90.5 25
1709913091678 90.5 26
1709913344441 90.5 27
1709913554998 91.0 28
1709913764778 91.5 29
1709913977114 92.0 30
1709914197601 91.5 31
1709914422149 91.5 32
1709914652276 91.5 33
1709914887745 91.5 34
1709915131869 92.5 35
1709915379824 91.5 36
1709915634591 92.5 37
1709915894425 92.5 38
1709916163140 91.5 39
1709916368131 92.0 40
1709916568631 92.0 41
1709916770320 91.5 42
