1709910415134 55.50000000000001 0
1709910551034 53.5 1
1709910683664 53.0 2
1709910821300 49.5 3
1709910960214 50.0 4
1709911106328 48.5 5
1709911295849 48.0 6
1709911557554 47.5 7
1709911848814 47.0 8
1709912148204 44.5 9
1709912448704 43.5 10
1709912780585 42.5 11
1709913091408 42.0 12
1709913344155 41.5 13
1709913554691 42.5 14
1709913764450 42.5 15
1709913976765 43.5 16
1709914197192 43.5 17
1709914421750 43.5 18
1709914651857 44.5 19
1709914887304 42.0 20
1709915131404 41.5 21
1709915379305 42.0 22
1709915634051 43.0 23
1709915893861 41.5 24
1709916162443 39.0 25
1709916367524 39.0 26
1709916567988 37.0 27
1709916769630 36.5 28
