1709908543671 79.0 0
1709908647917 74.0 1
1709908753463 70.5 2
1709908861662 68.5 3
1709908970031 65.0 4
1709909075890 64.0 5
1709909191563 62.0 6
1709909307590 62.0 7
1709909422883 60.5 8
1709909542242 60.0 9
1709909660582 58.5 10
1709909782326 56.99999999999999 11
1709909905297 55.00000000000001 12
1709910027634 54.50000000000001 13
1709910156037 54.0 14
1709910282809 47.0 15
1709910414968 45.5 16
1709910550869 43.5 17
1709910683491 44.0 18
1709910821122 31.5 19
1709910960032 30.5 20
1709911106145 31.0 21
1709911295649 31.0 22
1709911557348 30.5 23
1709911848620 29.5 24
1709912147954 17.5 25
1709912448470 15.0 26
1709912780362 15.0 27
1709913091173 15.0 28
1709913343920 15.0 29
1709913554460 15.0 30
1709913764220 14.499999999999998 31
1709913976522 14.499999999999998 32
1709914196934 14.499999999999998 33
1709914421506 14.499999999999998 34
1709914651602 14.499999999999998 35
1709914887048 14.499999999999998 36
1709915131143 14.499999999999998 37
1709915379023 15.5 38
1709915633782 15.5 39
1709915893587 16.0 40
1709916162143 15.5 41
1709916367239 15.0 42
1709916567694 15.0 43
1709916769330 14.499999999999998 44
