1709908543711 92.5 0
1709908647976 93.5 1
1709908753559 94.0 2
1709908861727 92.5 3
1709908970103 93.0 4
1709909075978 93.0 5
1709909191653 93.0 6
1709909307696 92.5 7
1709909423000 92.5 8
1709909542372 92.5 9
1709909660722 92.5 10
1709909782484 92.5 11
1709909905464 92.5 12
1709910027815 92.5 13
1709910156225 92.5 14
1709910283018 92.5 15
1709910415193 93.5 16
1709910551120 93.5 17
1709910683748 93.5 18
1709910821395 93.0 19
1709910960327 93.0 20
1709911106455 92.5 21
1709911295989 93.0 22
1709911557707 93.0 23
1709911849002 93.0 24
1709912148409 92.5 25
1709912448928 92.5 26
1709912780812 92.5 27
1709913091651 92.5 28
1709913344414 92.5 29
1709913554970 92.5 30
1709913764749 92.5 31
1709913977085 92.5 32
1709914197571 92.5 33
1709914422119 92.5 34
1709914652245 93.0 35
1709914887714 93.0 36
1709915131836 93.0 37
1709915379791 93.0 38
1709915634557 93.0 39
1709915894391 93.0 40
1709916163091 93.0 41
1709916368095 93.0 42
1709916568594 93.0 43
1709916770282 93.0 44
