1709909307753 93.5 0
1709909423059 93.0 1
1709909542431 93.0 2
1709909660781 93.0 3
1709909782552 92.0 4
1709909905526 92.0 5
1709910027881 92.0 6
1709910156290 92.0 7
1709910283092 93.5 8
1709910415267 93.0 9
1709910551190 93.0 10
1709910683821 92.5 11
1709910821470 93.0 12
1709910960418 92.0 13
1709911106547 92.0 14
1709911296081 92.0 15
1709911557804 92.0 16
1709911849093 92.0 17
1709912148501 92.5 18
1709912449069 92.5 19
1709912780906 92.5 20
1709913091745 91.5 21
1709913344510 91.5 22
1709913555067 91.5 23
1709913764851 91.5 24
1709913977186 92.0 25
1709914197681 92.0 26
1709914422228 92.0 27
1709914652354 92.5 28
1709914887825 92.5 29
1709915131950 93.0 30
1709915379906 93.0 31
1709915634676 93.5 32
1709915894511 93.0 33
1709916163243 93.0 34
1709916368221 92.5 35
1709916568724 92.5 36
1709916770413 94.0 37
