1709909782427 39.5 0
1709909905400 37.5 1
1709910027737 27.500000000000004 2
1709910156140 27.0 3
1709910282919 26.0 4
1709910415080 23.5 5
1709910550982 23.5 6
1709910683611 21.0 7
1709910821243 21.5 8
1709910960159 21.0 9
1709911106270 19.5 10
1709911295792 20.0 11
1709911557494 17.5 12
1709911848753 18.5 13
1709912148106 18.0 14
1709912448639 17.0 15
1709912780519 16.0 16
1709913091342 16.0 17
1709913344087 15.0 18
1709913554621 15.0 19
1709913764380 15.0 20
1709913976693 14.000000000000002 21
1709914197106 13.0 22
1709914421674 12.5 23
1709914651780 13.0 24
1709914887225 12.5 25
1709915131322 7.5 26
1709915379213 7.000000000000001 27
1709915633967 7.000000000000001 28
1709915893776 6.0 29
1709916162347 6.0 30
1709916367435 6.0 31
1709916567897 6.0 32
1709916769534 6.5 33
