1709910282958 65.0 0
1709910415124 59.5 1
1709910551024 59.5 2
1709910683653 58.5 3
1709910821289 57.99999999999999 4
1709910960203 56.49999999999999 5
1709911106317 54.50000000000001 6
1709911295838 54.50000000000001 7
1709911557542 47.5 8
1709911848802 46.5 9
1709912148190 47.0 10
1709912448690 45.5 11
1709912780571 44.5 12
1709913091395 44.5 13
1709913344142 43.5 14
1709913554676 43.0 15
1709913764436 42.0 16
1709913976750 42.5 17
1709914197177 42.5 18
1709914421734 42.5 19
1709914651842 42.5 20
1709914887288 42.5 21
1709915131388 42.0 22
1709915379287 42.0 23
1709915634034 42.0 24
1709915893844 41.5 25
1709916162421 41.5 26
1709916367506 40.5 27
1709916567970 41.0 28
1709916769611 40.0 29
