1709911106384 54.0 0
1709911295907 51.0 1
1709911557614 50.5 2
1709911848876 49.5 3
1709912148271 48.5 4
1709912448771 47.5 5
1709912780652 44.0 6
1709913091474 43.5 7
1709913344224 44.0 8
1709913554760 44.5 9
1709913764519 42.0 10
1709913976838 42.5 11
1709914197265 41.0 12
1709914421825 38.5 13
1709914651934 38.5 14
1709914887382 38.5 15
1709915131484 37.0 16
1709915379397 34.0 17
1709915634136 33.0 18
1709915893948 31.5 19
1709916162537 32.5 20
1709916367613 32.0 21
1709916568080 30.5 22
1709916769734 30.5 23
