1709908647982 94.5 0
1709908753570 94.5 1
1709908861734 95.0 2
1709908970111 94.0 3
1709909075987 94.5 4
1709909191661 95.5 5
1709909307704 95.5 6
1709909423009 95.5 7
1709909542381 95.5 8
1709909660731 95.5 9
1709909782495 96.0 10
1709909905473 95.5 11
1709910027824 96.0 12
1709910156234 96.0 13
1709910283029 96.0 14
1709910415205 96.0 15
1709910551130 96.0 16
1709910683759 96.0 17
1709910821406 96.0 18
1709910960347 96.0 19
1709911106470 96.5 20
1709911296000 96.5 21
1709911557720 95.0 22
1709911849019 95.0 23
1709912148422 95.0 24
1709912448949 95.0 25
1709912780825 95.0 26
1709913091665 95.0 27
1709913344428 95.0 28
1709913554984 95.0 29
1709913764763 94.5 30
1709913977100 94.5 31
1709914197586 94.5 32
1709914422134 94.5 33
1709914652260 94.5 34
1709914887729 94.5 35
1709915131852 94.5 36
1709915379808 94.5 37
1709915634574 94.0 38
1709915894408 94.0 39
1709916163110 94.5 40
1709916368113 94.5 41
1709916568613 94.5 42
1709916770300 93.5 43
