1709908861683 80.5 0
1709908970053 78.5 1
1709909075913 76.0 2
1709909191585 76.0 3
1709909307614 61.0 4
1709909422908 61.5 5
1709909542268 63.0 6
1709909660608 64.5 7
1709909782352 63.5 8
1709909905323 62.5 9
1709910027664 63.5 10
1709910156066 67.0 11
1709910282840 66.0 12
1709910414997 67.0 13
1709910550900 68.0 14
1709910683525 68.0 15
1709910821155 68.5 16
1709910960067 68.0 17
1709911106180 66.5 18
1709911295685 67.5 19
1709911557386 66.5 20
1709911848656 65.0 21
1709912148000 64.0 22
1709912448524 63.0 23
1709912780401 62.0 24
1709913091217 62.0 25
1709913343962 62.5 26
1709913554509 56.00000000000001 27
1709913764265 54.50000000000001 28
1709913976576 52.0 29
1709914196989 52.0 30
1709914421552 53.0 31
1709914651651 53.0 32
1709914887098 53.0 33
1709915131195 52.5 34
1709915379073 52.0 35
1709915633833 47.0 36
1709915893639 44.5 37
1709916162198 45.0 38
1709916367292 42.5 39
1709916567749 41.5 40
1709916769386 39.0 41
