1709909422951 39.5 0
1709909542311 39.0 1
1709909660653 37.5 2
1709909782399 36.0 3
1709909905371 34.5 4
1709910027710 34.5 5
1709910156113 33.5 6
1709910282889 30.0 7
1709910415051 28.499999999999996 8
1709910550951 28.999999999999996 9
1709910683579 29.5 10
1709910821209 28.499999999999996 11
1709910960125 28.000000000000004 12
1709911106236 27.500000000000004 13
1709911295758 27.0 14
1709911557457 26.5 15
1709911848717 25.5 16
1709912148061 25.0 17
1709912448601 25.0 18
1709912780479 23.5 19
1709913091302 23.5 20
1709913344047 21.0 21
1709913554578 21.5 22
1709913764337 21.5 23
1709913976649 22.5 24
1709914197063 22.5 25
1709914421628 22.5 26
1709914651731 21.5 27
1709914887178 21.0 28
1709915131275 20.5 29
1709915379162 20.0 30
1709915633917 20.5 31
1709915893724 19.5 32
1709916162290 19.0 33
1709916367381 18.0 34
1709916567841 17.0 35
1709916769477 11.5 36
