1709912148331 64.5 0
1709912448823 64.5 1
1709912780706 62.0 2
1709913091529 62.0 3
1709913344278 59.5 4
1709913554815 59.0 5
1709913764575 59.5 6
1709913976896 58.5 7
1709914197335 57.99999999999999 8
1709914421887 58.5 9
1709914651995 59.0 10
1709914887444 56.49999999999999 11
1709915131547 56.00000000000001 12
1709915379470 55.00000000000001 13
1709915634204 55.00000000000001 14
1709915894019 54.0 15
1709916162608 54.50000000000001 16
1709916367685 54.0 17
1709916568154 53.0 18
1709916769811 54.50000000000001 19
