1709909660671 45.5 0
1709909782417 42.0 1
1709909905391 40.5 2
1709910027728 39.0 3
1709910156131 38.0 4
1709910282909 38.0 5
1709910415070 38.5 6
1709910550972 36.0 7
1709910683600 33.0 8
1709910821233 30.5 9
1709910960148 28.499999999999996 10
1709911106259 29.5 11
1709911295781 28.499999999999996 12
1709911557482 28.499999999999996 13
1709911848741 28.000000000000004 14
1709912148085 28.000000000000004 15
1709912448626 27.0 16
1709912780505 26.5 17
1709913091329 25.0 18
1709913344074 25.5 19
1709913554607 22.5 20
1709913764365 22.0 21
1709913976678 22.0 22
1709914197092 20.5 23
1709914421659 20.0 24
1709914651764 17.5 25
1709914887210 18.5 26
1709915131307 17.5 27
1709915379196 16.0 28
1709915633951 15.5 29
1709915893759 15.0 30
1709916162328 12.5 31
1709916367417 11.5 32
1709916567878 11.5 33
1709916769514 12.0 34
