1709910960562 86.0 0
1709911106710 86.0 1
1709911296229 85.5 2
1709911557960 86.0 3
1709911849257 86.0 4
1709912148670 86.5 5
1709912449287 86.5 6
1709912781081 86.5 7
1709913091922 86.0 8
1709913344688 86.5 9
1709913555251 86.0 10
1709913765050 86.0 11
1709913977376 86.0 12
1709914197877 86.0 13
1709914422426 86.5 14
1709914652555 86.5 15
1709914888032 86.5 16
1709915132161 86.5 17
1709915380122 86.5 18
1709915634898 86.5 19
1709915894737 87.0 20
1709916163474 87.0 21
1709916368455 87.5 22
1709916568972 87.5 23
1709916770654 87.5 24
