1709908439871 97.5 0
1709908543704 96.0 1
1709908647969 96.0 2
1709908753547 96.0 3
1709908861720 96.0 4
1709908970096 95.0 5
1709909075968 95.5 6
1709909191646 95.5 7
1709909307688 95.5 8
1709909422992 96.0 9
1709909542363 96.0 10
1709909660714 96.0 11
1709909782475 96.0 12
1709909905455 96.0 13
1709910027805 96.0 14
1709910156215 96.0 15
1709910283008 96.0 16
1709910415183 96.0 17
1709910551110 96.0 18
1709910683738 96.0 19
1709910821385 96.0 20
1709910960313 96.0 21
1709911106440 96.0 22
1709911295977 96.5 23
1709911557696 96.5 24
1709911848984 96.5 25
1709912148397 96.5 26
1709912448912 96.5 27
1709912780798 96.5 28
1709913091638 96.5 29
1709913344400 96.5 30
1709913554956 96.5 31
1709913764735 96.5 32
1709913977071 96.0 33
1709914197555 96.0 34
1709914422104 96.0 35
1709914652229 96.0 36
1709914887698 96.0 37
1709915131820 96.0 38
1709915379774 95.0 39
1709915634540 95.0 40
1709915894374 95.0 41
1709916163072 95.5 42
1709916368077 95.5 43
1709916568576 96.5 44
1709916770263 95.5 45
