1709909905572 84.0 0
1709910027928 83.5 1
1709910156337 83.0 2
1709910283142 83.0 3
1709910415316 83.0 4
1709910551241 84.5 5
1709910683874 84.5 6
1709910821523 84.5 7
1709910960473 85.5 8
1709911106618 85.0 9
1709911296137 84.5 10
1709911557863 85.0 11
1709911849158 85.5 12
1709912148564 85.5 13
1709912449157 85.0 14
1709912780973 85.0 15
1709913091812 84.5 16
1709913344578 85.0 17
1709913555138 85.0 18
1709913764928 84.5 19
1709913977260 84.0 20
1709914197756 85.0 21
1709914422304 84.5 22
1709914652430 84.0 23
1709914887905 84.5 24
1709915132031 84.0 25
1709915379989 84.0 26
1709915634762 84.5 27
1709915894599 83.5 28
1709916163331 83.5 29
1709916368311 83.5 30
1709916568818 84.0 31
1709916770506 84.5 32
