1709910683938 83.5 0
1709910821589 83.5 1
1709910960539 85.0 2
1709911106687 84.5 3
1709911296206 84.0 4
1709911557936 83.0 5
1709911849232 84.0 6
1709912148645 84.5 7
1709912449262 82.5 8
1709912781054 83.0 9
1709913091892 83.0 10
1709913344660 82.0 11
1709913555223 81.5 12
1709913765020 82.0 13
1709913977347 82.0 14
1709914197846 82.0 15
1709914422395 82.0 16
1709914652523 82.0 17
1709914888000 82.5 18
1709915132129 82.0 19
1709915380089 82.5 20
1709915634864 82.5 21
1709915894702 82.0 22
1709916163438 83.0 23
1709916368419 83.5 24
1709916568934 83.5 25
1709916770617 83.0 26
