1709910027755 62.5 0
1709910156159 61.0 1
1709910282938 59.5 2
1709910415099 59.0 3
1709910551003 59.5 4
1709910683632 61.5 5
1709910821265 60.5 6
1709910960181 60.5 7
1709911106294 57.49999999999999 8
1709911295815 53.5 9
1709911557518 52.5 10
1709911848777 53.0 11
1709912148149 50.0 12
1709912448664 49.5 13
1709912780545 47.0 14
1709913091368 46.0 15
1709913344114 45.5 16
1709913554649 43.5 17
1709913764408 42.0 18
1709913976721 43.5 19
1709914197139 44.0 20
1709914421704 44.0 21
1709914651811 44.5 22
1709914887257 42.0 23
1709915131356 39.5 24
1709915379248 40.0 25
1709915634001 37.0 26
1709915893810 37.0 27
1709916162385 36.0 28
1709916367471 35.5 29
1709916567933 34.0 30
1709916769571 35.5 31
