1709909075928 67.0 0
1709909191600 66.5 1
1709909307630 66.5 2
1709909422927 65.0 3
1709909542285 65.5 4
1709909660626 65.5 5
1709909782372 64.0 6
1709909905343 64.0 7
1709910027682 65.0 8
1709910156084 64.5 9
1709910282860 63.5 10
1709910415022 63.5 11
1709910550920 63.0 12
1709910683547 63.0 13
1709910821178 62.5 14
1709910960090 61.5 15
1709911106202 62.5 16
1709911295717 59.5 17
1709911557421 57.99999999999999 18
1709911848681 56.49999999999999 19
1709912148024 57.49999999999999 20
1709912448561 56.49999999999999 21
1709912780427 56.00000000000001 22
1709913091261 56.00000000000001 23
1709913344003 55.50000000000001 24
1709913554537 55.50000000000001 25
1709913764294 55.50000000000001 26
1709913976605 54.50000000000001 27
1709914197019 53.0 28
1709914421582 53.5 29
1709914651683 53.0 30
1709914887130 52.5 31
1709915131227 52.0 32
1709915379106 52.0 33
1709915633866 52.5 34
1709915893673 53.5 35
1709916162235 53.0 36
1709916367328 52.5 37
1709916567786 52.0 38
1709916769422 51.5 39
