1709907950977 99.0 0
1709908111996 97.0 1
1709908274220 97.0 2
1709908439852 97.0 3
1709908543684 96.5 4
1709908647949 95.5 5
1709908753512 94.0 6
1709908861699 94.0 7
1709908970074 94.0 8
1709909075943 92.0 9
1709909191623 91.5 10
1709909307661 91.5 11
1709909422968 92.0 12
1709909542337 92.0 13
1709909660688 91.5 14
1709909782447 90.5 15
1709909905428 91.0 16
1709910027777 90.5 17
1709910156187 90.5 18
1709910282978 90.5 19
1709910415153 90.5 20
1709910551065 91.0 21
1709910683707 91.0 22
1709910821353 91.0 23
1709910960280 91.0 24
1709911106406 91.0 25
1709911295942 90.5 26
1709911557660 91.5 27
1709911848940 92.0 28
1709912148359 92.0 29
1709912448868 92.0 30
1709912780759 92.0 31
1709913091597 92.0 32
1709913344360 92.0 33
1709913554914 92.0 34
1709913764691 92.0 35
1709913977026 92.0 36
1709914197507 91.5 37
1709914422057 91.5 38
1709914652182 91.5 39
1709914887650 91.5 40
1709915131772 91.0 41
1709915379723 90.5 42
1709915634489 91.0 43
1709915894322 91.0 44
1709916163015 91.0 45
1709916368023 91.0 46
1709916568521 92.0 47
1709916770207 92.0 48
