1709908274233 95.5 0
1709908439865 94.5 1
1709908543698 95.0 2
1709908647962 95.0 3
1709908753535 95.5 4
1709908861713 96.0 5
1709908970089 96.0 6
1709909075959 95.5 7
1709909191638 93.5 8
1709909307680 93.0 9
1709909422984 93.0 10
1709909542354 93.0 11
1709909660705 93.0 12
1709909782466 93.0 13
1709909905446 93.0 14
1709910027796 92.5 15
1709910156206 93.0 16
1709910282998 93.0 17
1709910415173 93.0 18
1709910551096 93.0 19
1709910683727 93.0 20
1709910821374 93.0 21
1709910960302 93.0 22
1709911106428 93.0 23
1709911295965 93.0 24
1709911557684 93.0 25
1709911848966 93.0 26
1709912148384 93.0 27
1709912448899 93.0 28
1709912780785 93.0 29
1709913091624 93.0 30
1709913344387 93.0 31
1709913554942 93.0 32
1709913764721 93.0 33
1709913977056 93.0 34
1709914197540 93.0 35
1709914422088 93.0 36
1709914652214 93.0 37
1709914887682 93.0 38
1709915131804 93.0 39
1709915379757 93.0 40
1709915634523 93.0 41
1709915894357 92.5 42
1709916163053 92.5 43
1709916368059 92.5 44
1709916568557 92.5 45
1709916770244 92.5 46
