1709910683685 32.5 0
1709910821321 31.5 1
1709910960236 28.499999999999996 2
1709911106350 27.500000000000004 3
1709911295872 28.499999999999996 4
1709911557578 28.000000000000004 5
1709911848838 27.500000000000004 6
1709912148230 27.500000000000004 7
1709912448730 25.5 8
1709912780611 24.0 9
1709913091434 22.5 10
1709913344183 22.5 11
1709913554718 22.0 12
1709913764477 21.0 13
1709913976794 22.0 14
1709914197221 20.5 15
1709914421780 22.0 16
1709914651887 21.5 17
1709914887335 22.0 18
1709915131436 21.0 19
1709915379339 20.5 20
1709915634086 17.0 21
1709915893895 17.0 22
1709916162484 15.5 23
1709916367560 15.5 24
1709916568025 15.0 25
1709916769672 15.0 26
