1709910960258 30.5 0
1709911106372 29.5 1
1709911295895 29.5 2
1709911557602 31.5 3
1709911848863 30.5 4
1709912148257 28.499999999999996 5
1709912448756 28.000000000000004 6
1709912780638 28.499999999999996 7
1709913091460 25.5 8
1709913344210 23.5 9
1709913554746 23.0 10
1709913764505 22.0 11
1709913976824 23.0 12
1709914197250 22.5 13
1709914421810 22.5 14
1709914651918 21.5 15
1709914887366 22.5 16
1709915131468 22.0 17
1709915379377 21.0 18
1709915634119 20.5 19
1709915893931 20.0 20
1709916162519 20.5 21
1709916367596 20.5 22
1709916568062 19.5 23
1709916769714 15.5 24
