1709908439840 83.5 0
1709908543664 73.5 1
1709908647906 72.5 2
1709908753452 71.0 3
1709908861654 70.5 4
1709908970024 64.5 5
1709909075882 66.5 6
1709909191555 65.0 7
1709909307582 64.5 8
1709909422875 65.0 9
1709909542233 63.0 10
1709909660573 62.5 11
1709909782317 61.5 12
1709909905288 62.5 13
1709910027625 61.0 14
1709910156028 58.5 15
1709910282800 57.99999999999999 16
1709910414959 57.49999999999999 17
1709910550858 56.99999999999999 18
1709910683480 56.00000000000001 19
1709910821110 52.5 20
1709910960021 52.5 21
1709911106134 51.5 22
1709911295638 44.0 23
1709911557336 43.5 24
1709911848608 44.0 25
1709912147932 44.5 26
1709912448457 45.0 27
1709912780349 45.5 28
1709913091159 45.0 29
1709913343905 45.0 30
1709913554446 44.5 31
1709913764206 44.5 32
1709913976507 44.0 33
1709914196919 42.5 34
1709914421490 38.5 35
1709914651585 38.5 36
1709914887031 39.0 37
1709915131120 40.0 38
1709915379006 38.5 39
1709915633765 39.0 40
1709915893570 39.0 41
1709916162126 39.5 42
1709916367221 40.0 43
1709916567676 39.5 44
1709916769312 34.5 45
