1709910551292 71.0 0
1709910683928 71.0 1
1709910821577 71.0 2
1709910960528 71.0 3
1709911106676 71.0 4
1709911296194 71.0 5
1709911557924 71.0 6
1709911849220 71.5 7
1709912148629 71.0 8
1709912449249 71.5 9
1709912781041 71.0 10
1709913091879 71.0 11
1709913344646 71.0 12
1709913555208 71.0 13
1709913765004 70.5 14
1709913977333 71.5 15
1709914197831 71.5 16
1709914422380 72.0 17
1709914652508 71.0 18
1709914887984 71.0 19
1709915132113 70.0 20
1709915380072 70.0 21
1709915634847 69.5 22
1709915894685 69.5 23
1709916163420 70.0 24
1709916368401 70.0 25
1709916568916 70.0 26
1709916770598 68.5 27
