1709909191608 60.5 0
1709909307638 56.49999999999999 1
1709909422935 56.00000000000001 2
1709909542294 53.5 3
1709909660635 49.0 4
1709909782381 47.5 5
1709909905352 46.5 6
1709910027691 41.0 7
1709910156094 41.5 8
1709910282870 40.0 9
1709910415032 35.5 10
1709910550930 37.0 11
1709910683558 31.0 12
1709910821188 31.0 13
1709910960102 30.0 14
1709911106214 30.0 15
1709911295734 30.0 16
1709911557433 28.999999999999996 17
1709911848693 28.000000000000004 18
1709912148036 28.499999999999996 19
1709912448576 27.500000000000004 20
1709912780449 26.5 21
1709913091275 27.0 22
1709913344019 27.0 23
1709913554551 25.5 24
1709913764308 26.0 25
1709913976620 25.0 26
1709914197034 25.5 27
1709914421598 25.0 28
1709914651699 23.5 29
1709914887146 25.5 30
1709915131243 25.5 31
1709915379127 24.0 32
1709915633883 24.0 33
1709915893690 22.5 34
1709916162254 21.5 35
1709916367346 16.5 36
1709916567804 16.0 37
1709916769441 16.0 38
