1709909782591 92.5 0
1709909905563 92.5 1
1709910027919 92.5 2
1709910156327 93.0 3
1709910283132 92.5 4
1709910415306 92.0 5
1709910551231 92.0 6
1709910683864 92.0 7
1709910821512 92.0 8
1709910960462 92.5 9
1709911106607 92.0 10
1709911296126 92.0 11
1709911557851 92.0 12
1709911849145 91.5 13
1709912148552 92.0 14
1709912449139 92.0 15
1709912780960 92.0 16
1709913091798 92.0 17
1709913344564 92.0 18
1709913555124 92.0 19
1709913764913 92.0 20
1709913977245 92.0 21
1709914197741 92.0 22
1709914422289 92.0 23
1709914652415 92.0 24
1709914887889 92.0 25
1709915132015 92.0 26
1709915379973 92.0 27
1709915634744 92.0 28
1709915894582 92.5 29
1709916163314 92.5 30
1709916368293 91.5 31
1709916568800 91.5 32
1709916770487 91.5 33
