1709909660807 92.5 0
1709909782581 92.5 1
1709909905554 92.5 2
1709910027910 92.5 3
1709910156318 92.5 4
1709910283122 92.5 5
1709910415296 92.5 6
1709910551221 92.0 7
1709910683853 92.5 8
1709910821501 92.0 9
1709910960451 92.0 10
1709911106596 92.0 11
1709911296115 92.5 12
1709911557840 92.5 13
1709911849133 92.5 14
1709912148539 91.5 15
1709912449117 92.0 16
1709912780946 93.0 17
1709913091785 93.5 18
1709913344551 93.5 19
1709913555109 93.5 20
1709913764897 93.5 21
1709913977230 92.5 22
1709914197726 93.0 23
1709914422274 93.0 24
1709914652400 92.5 25
1709914887873 92.5 26
1709915131999 93.0 27
1709915379956 93.0 28
1709915634727 93.0 29
1709915894564 93.0 30
1709916163296 92.5 31
1709916368275 92.5 32
1709916568781 92.5 33
1709916770468 91.0 34
