1709907792170 92.0 0
1709907950959 66.0 1
1709908111972 60.5 2
1709908274189 57.99999999999999 3
1709908439815 52.5 4
1709908543638 52.5 5
1709908647879 52.0 6
1709908753419 50.0 7
1709908861625 50.5 8
1709908969996 49.5 9
1709909075853 49.0 10
1709909191522 49.0 11
1709909307551 49.0 12
1709909422843 49.0 13
1709909542197 49.0 14
1709909660537 49.0 15
1709909782281 47.5 16
1709909905252 47.5 17
1709910027587 47.5 18
1709910155990 47.0 19
1709910282760 47.0 20
1709910414920 47.0 21
1709910550816 47.0 22
1709910683437 47.5 23
1709910821063 47.0 24
1709910959976 47.0 25
1709911106087 47.0 26
1709911295589 44.5 27
1709911557287 44.5 28
1709911848559 44.5 29
1709912147852 45.0 30
1709912448406 44.5 31
1709912780297 44.5 32
1709913091104 44.0 33
1709913343846 43.5 34
1709913554391 44.0 35
1709913764143 45.0 36
1709913976449 44.0 37
1709914196860 44.0 38
1709914421428 44.0 39
1709914651521 43.5 40
1709914886962 43.5 41
1709915131055 43.0 42
1709915378939 43.0 43
1709915633697 43.0 44
1709915893502 43.0 45
1709916162055 43.0 46
1709916367149 43.0 47
1709916567602 42.0 48
1709916769238 42.5 49
