1709910821332 52.0 0
1709910960247 50.5 1
1709911106361 50.5 2
1709911295883 47.5 3
1709911557590 47.0 4
1709911848850 47.0 5
1709912148243 35.5 6
1709912448743 36.0 7
1709912780625 36.5 8
1709913091447 36.0 9
1709913344196 33.0 10
1709913554732 32.5 11
1709913764491 32.5 12
1709913976809 28.999999999999996 13
1709914197236 30.5 14
1709914421795 30.0 15
1709914651903 30.0 16
1709914887350 29.5 17
1709915131452 28.999999999999996 18
1709915379359 29.5 19
1709915634103 29.5 20
1709915893912 27.0 21
1709916162502 27.0 22
1709916367578 26.5 23
1709916568043 25.5 24
1709916769693 24.5 25
