1709909423067 87.0 0
1709909542439 87.0 1
1709909660790 87.5 2
1709909782562 87.0 3
1709909905536 87.5 4
1709910027891 88.0 5
1709910156300 88.0 6
1709910283102 88.0 7
1709910415277 88.0 8
1709910551201 88.0 9
1709910683832 88.0 10
1709910821480 88.0 11
1709910960430 88.0 12
1709911106559 88.0 13
1709911296092 87.5 14
1709911557816 88.0 15
1709911849107 88.5 16
1709912148514 89.0 17
1709912449082 89.0 18
1709912780919 88.5 19
1709913091758 88.5 20
1709913344523 88.5 21
1709913555082 89.0 22
1709913764866 88.5 23
1709913977201 89.0 24
1709914197696 89.0 25
1709914422244 88.5 26
1709914652369 89.0 27
1709914887841 89.0 28
1709915131966 89.0 29
1709915379922 89.0 30
1709915634693 89.5 31
1709915894528 90.0 32
1709916163260 90.0 33
1709916368239 90.0 34
1709916568743 90.0 35
1709916770431 88.5 36
