1709909542447 92.0 0
1709909660798 92.0 1
1709909782572 91.5 2
1709909905545 92.5 3
1709910027900 92.0 4
1709910156309 92.0 5
1709910283112 92.0 6
1709910415286 92.5 7
1709910551211 92.5 8
1709910683842 92.5 9
1709910821491 92.5 10
1709910960440 92.5 11
1709911106578 92.5 12
1709911296103 92.0 13
1709911557828 91.5 14
1709911849120 91.5 15
1709912148526 91.0 16
1709912449096 91.0 17
1709912780933 91.0 18
1709913091772 91.5 19
1709913344537 91.5 20
1709913555095 92.0 21
1709913764881 92.0 22
1709913977216 92.0 23
1709914197711 92.0 24
1709914422259 92.0 25
1709914652384 92.0 26
1709914887857 91.5 27
1709915131982 91.5 28
1709915379939 91.0 29
1709915634710 90.5 30
1709915894547 90.5 31
1709916163278 90.5 32
1709916368257 91.0 33
1709916568762 91.0 34
1709916770450 91.5 35
