1709909191698 88.0 0
1709909307745 87.5 1
1709909423051 87.5 2
1709909542423 86.0 3
1709909660773 86.0 4
1709909782543 86.0 5
1709909905517 87.0 6
1709910027871 86.5 7
1709910156281 86.5 8
1709910283082 86.0 9
1709910415257 86.0 10
1709910551180 85.5 11
1709910683811 86.0 12
1709910821459 85.5 13
1709910960407 86.0 14
1709911106535 86.0 15
1709911296069 85.5 16
1709911557792 86.0 17
1709911849080 86.0 18
1709912148488 86.0 19
1709912449053 86.0 20
1709912780892 86.0 21
1709913091731 85.5 22
1709913344496 86.0 23
1709913555053 86.0 24
1709913764836 86.0 25
1709913977172 86.0 26
1709914197664 86.0 27
1709914422213 86.0 28
1709914652338 86.0 29
1709914887809 86.5 30
1709915131934 86.0 31
1709915379889 86.0 32
1709915634659 85.0 33
1709915894494 84.5 34
1709916163225 84.5 35
1709916368203 85.5 36
1709916568705 85.5 37
1709916770394 85.5 38
