1709908970060 54.0 0
1709909075920 53.0 1
1709909191593 46.5 2
1709909307622 44.0 3
1709909422918 38.5 4
1709909542276 37.0 5
1709909660617 34.5 6
1709909782362 33.0 7
1709909905333 33.0 8
1709910027673 32.0 9
1709910156075 28.999999999999996 10
1709910282850 22.5 11
1709910415011 23.5 12
1709910550910 24.0 13
1709910683536 24.0 14
1709910821166 23.0 15
1709910960078 22.5 16
1709911106191 21.5 17
1709911295698 21.0 18
1709911557400 21.0 19
1709911848668 21.5 20
1709912148012 20.5 21
1709912448542 20.0 22
1709912780414 19.0 23
1709913091240 18.5 24
1709913343980 18.5 25
1709913554523 19.0 26
1709913764280 19.5 27
1709913976591 19.5 28
1709914197004 18.5 29
1709914421567 18.5 30
1709914651668 18.0 31
1709914887114 18.5 32
1709915131211 18.5 33
1709915379089 18.0 34
1709915633850 17.5 35
1709915893656 17.0 36
1709916162216 17.0 37
1709916367310 18.0 38
1709916567767 18.0 39
1709916769404 16.0 40
