1709907792178 92.0 0
1709907950971 92.0 1
1709908111990 92.0 2
1709908274214 92.0 3
1709908439846 92.0 4
1709908543677 92.0 5
1709908647938 92.0 6
1709908753499 92.0 7
1709908861691 92.0 8
1709908970067 92.0 9
1709909075935 92.0 10
1709909191615 92.0 11
1709909307653 92.0 12
1709909422959 92.0 13
1709909542328 92.0 14
1709909660680 92.0 15
1709909782436 92.0 16
1709909905418 92.0 17
1709910027765 92.0 18
1709910156178 92.0 19
1709910282969 92.0 20
1709910415143 92.0 21
1709910551055 92.0 22
1709910683696 92.0 23
1709910821343 92.0 24
1709910960269 92.0 25
1709911106395 92.0 26
1709911295930 92.0 27
1709911557649 92.0 28
1709911848926 92.0 29
1709912148345 92.0 30
1709912448850 92.0 31
1709912780745 92.0 32
1709913091583 92.0 33
1709913344346 92.0 34
1709913554900 92.0 35
1709913764676 92.0 36
1709913977012 92.0 37
1709914197484 92.0 38
1709914422041 92.0 39
1709914652166 92.0 40
1709914887634 92.0 41
1709915131756 92.0 42
1709915379707 92.0 43
1709915634472 92.0 44
1709915894304 92.0 45
1709916162988 92.0 46
1709916368005 92.0 47
1709916568502 92.0 48
1709916770188 92.0 49
