1709910551044 19.0 0
1709910683675 13.0 1
1709910821310 13.0 2
1709910960225 13.5 3
1709911106339 13.0 4
1709911295861 12.5 5
1709911557566 12.0 6
1709911848826 12.0 7
1709912148217 12.0 8
1709912448717 10.0 9
1709912780598 9.5 10
1709913091421 10.0 11
1709913344169 9.5 12
1709913554704 8.0 13
1709913764463 8.0 14
1709913976780 7.5 15
1709914197207 6.5 16
1709914421765 7.000000000000001 17
1709914651872 7.000000000000001 18
1709914887319 7.000000000000001 19
1709915131420 7.000000000000001 20
1709915379322 7.000000000000001 21
1709915634069 5.0 22
1709915893878 4.5 23
1709916162467 4.0 24
1709916367542 3.0 25
1709916568007 2.0 26
1709916769651 2.0 27
