1709909076021 91.0 0
1709909191691 91.0 1
1709909307736 91.0 2
1709909423042 90.5 3
1709909542414 90.5 4
1709909660765 90.5 5
1709909782533 90.5 6
1709909905508 91.0 7
1709910027862 91.0 8
1709910156272 91.0 9
1709910283072 91.0 10
1709910415247 89.5 11
1709910551170 90.0 12
1709910683800 89.5 13
1709910821448 90.5 14
1709910960396 90.5 15
1709911106523 90.5 16
1709911296058 89.0 17
1709911557772 89.0 18
1709911849068 89.0 19
1709912148475 89.0 20
1709912449038 89.0 21
1709912780879 89.0 22
1709913091718 89.0 23
1709913344482 89.0 24
1709913555039 89.0 25
1709913764822 89.0 26
1709913977157 89.0 27
1709914197648 89.5 28
1709914422195 89.5 29
1709914652323 89.5 30
1709914887793 89.5 31
1709915131918 89.0 32
1709915379873 89.0 33
1709915634642 89.5 34
1709915894477 90.0 35
1709916163207 89.5 36
1709916368185 90.0 37
1709916568687 90.0 38
1709916770376 89.0 39
