1709910415360 95.5 0
1709910551281 95.0 1
1709910683917 95.0 2
1709910821566 95.0 3
1709910960517 95.0 4
1709911106665 95.0 5
1709911296183 95.0 6
1709911557912 95.5 7
1709911849207 95.0 8
1709912148614 94.5 9
1709912449236 94.5 10
1709912781027 94.5 11
1709913091865 94.5 12
1709913344632 95.0 13
1709913555195 94.5 14
1709913764988 94.0 15
1709913977318 94.0 16
1709914197816 94.0 17
1709914422365 94.5 18
1709914652492 94.5 19
1709914887968 94.5 20
1709915132096 94.5 21
1709915380055 94.5 22
1709915634830 94.5 23
1709915894668 95.0 24
1709916163402 95.0 25
1709916368383 95.0 26
1709916568895 95.0 27
1709916770580 96.0 28
