1709911106721 97.0 0
1709911296241 97.0 1
1709911557972 97.0 2
1709911849269 97.5 3
1709912148683 97.0 4
1709912449300 97.5 5
1709912781094 97.0 6
1709913091935 97.5 7
1709913344701 98.0 8
1709913555266 98.0 9
1709913765064 98.0 10
1709913977390 98.0 11
1709914197892 98.0 12
1709914422441 98.0 13
1709914652571 98.0 14
1709914888048 98.0 15
1709915132177 98.0 16
1709915380138 96.5 17
1709915634915 97.0 18
1709915894754 97.0 19
1709916163491 97.5 20
1709916368473 97.5 21
1709916568992 97.5 22
1709916770672 97.0 23
