1709907950965 88.5 0
1709908111978 77.5 1
1709908274195 65.0 2
1709908439821 60.0 3
1709908543644 64.0 4
1709908647886 61.5 5
1709908753428 50.5 6
1709908861634 49.5 7
1709908970003 48.5 8
1709909075860 33.0 9
1709909191533 28.000000000000004 10
1709909307559 27.500000000000004 11
1709909422851 28.999999999999996 12
1709909542206 28.499999999999996 13
1709909660546 29.5 14
1709909782290 26.5 15
1709909905261 26.0 16
1709910027597 28.000000000000004 17
1709910155999 26.5 18
1709910282770 26.0 19
1709910414930 25.5 20
1709910550826 26.5 21
1709910683447 26.0 22
1709910821073 27.0 23
1709910959988 26.5 24
1709911106099 26.0 25
1709911295600 23.5 26
1709911557301 25.0 27
1709911848571 26.0 28
1709912147867 26.0 29
1709912448419 25.5 30
1709912780310 24.5 31
1709913091117 24.5 32
1709913343861 24.5 33
1709913554405 24.5 34
1709913764163 25.0 35
1709913976464 24.5 36
1709914196875 22.5 37
1709914421444 22.5 38
1709914651537 23.0 39
1709914886980 22.5 40
1709915131071 22.5 41
1709915378955 21.5 42
1709915633715 22.5 43
1709915893519 21.0 44
1709916162072 21.0 45
1709916367167 21.5 46
1709916567620 22.0 47
1709916769257 23.0 48
