1709910027938 96.0 0
1709910156346 96.0 1
1709910283152 96.0 2
1709910415331 96.0 3
1709910551251 96.0 4
1709910683885 96.0 5
1709910821534 96.5 6
1709910960484 96.5 7
1709911106629 96.5 8
1709911296149 96.5 9
1709911557875 96.5 10
1709911849170 96.5 11
1709912148577 96.5 12
1709912449175 96.5 13
1709912780987 96.5 14
1709913091825 96.5 15
1709913344591 96.5 16
1709913555152 96.5 17
1709913764943 96.5 18
1709913977275 96.5 19
1709914197771 96.0 20
1709914422320 96.0 21
1709914652446 96.0 22
1709914887921 95.5 23
1709915132047 95.5 24
1709915380006 95.5 25
1709915634779 96.0 26
1709915894616 96.0 27
1709916163349 96.0 28
1709916368329 96.0 29
1709916568837 96.0 30
1709916770524 96.0 31
