1709910821602 91.0 0
1709910960551 91.5 1
1709911106698 91.5 2
1709911296217 91.5 3
1709911557948 91.0 4
1709911849245 91.0 5
1709912148658 90.5 6
1709912449275 90.5 7
1709912781067 90.5 8
1709913091908 90.5 9
1709913344674 90.5 10
1709913555237 90.5 11
1709913765036 90.5 12
1709913977362 90.5 13
1709914197862 90.5 14
1709914422411 90.0 15
1709914652539 90.0 16
1709914888016 90.5 17
1709915132145 91.0 18
1709915380105 90.5 19
1709915634881 91.0 20
1709915894720 90.5 21
1709916163456 90.5 22
1709916368437 90.5 23
1709916568952 90.0 24
1709916770635 91.0 25
