1709909307646 53.0 0
1709909422943 48.0 1
1709909542303 45.0 2
1709909660644 44.0 3
1709909782390 42.5 4
1709909905362 40.5 5
1709910027700 37.5 6
1709910156103 35.5 7
1709910282879 35.0 8
1709910415041 33.0 9
1709910550941 31.0 10
1709910683568 31.0 11
1709910821199 29.5 12
1709910960113 28.999999999999996 13
1709911106225 28.999999999999996 14
1709911295746 28.499999999999996 15
1709911557445 28.499999999999996 16
1709911848705 28.499999999999996 17
1709912148049 28.000000000000004 18
1709912448589 28.499999999999996 19
1709912780466 27.500000000000004 20
1709913091289 26.5 21
1709913344033 26.5 22
1709913554564 16.0 23
1709913764322 16.5 24
1709913976635 17.5 25
1709914197048 17.5 26
1709914421613 17.0 27
1709914651715 16.5 28
1709914887162 16.5 29
1709915131259 16.5 30
1709915379145 16.0 31
1709915633900 12.5 32
1709915893707 12.0 33
1709916162272 12.5 34
1709916367363 12.0 35
1709916567823 12.0 36
1709916769459 11.5 37
