1709907792144 92.0 0
1709907950935 77.25 1
1709908111948 71.0 2
1709908274165 67.0 3
1709908439791 66.2 4
1709908543624 67.58333333333333 5
1709908647855 65.14285714285714 6
1709908753392 61.75 7
1709908861591 62.77777777777778 8
1709908969971 59.0 9
1709909075827 58.27272727272727 10
1709909191489 53.916666666666664 11
1709909307526 51.73076923076923 12
1709909422809 49.857142857142854 13
1709909542181 49.2 14
1709909660509 47.40625 15
1709909782253 45.73529411764706 16
1709909905224 45.02777777777778 17
1709910027568 44.60526315789474 18
1709910155961 44.2 19
1709910282740 43.5 20
1709910414885 42.72727272727273 21
1709910550786 41.391304347826086 22
1709910683416 39.854166666666664 23
1709910821032 39.22 24
1709910959945 38.19230769230769 25
1709911106064 38.03703703703704 26
1709911295553 37.785714285714285 27
1709911557256 37.827586206896555 28
1709911848526 36.983333333333334 29
1709912147805 36.54838709677419 30
1709912448380 35.921875 31
1709912780262 35.31818181818182 32
1709913091075 34.61764705882353 33
1709913343806 34.44285714285714 34
1709913554356 33.625 35
1709913764101 33.37837837837838 36
1709913976420 33.973684210526315 37
1709914196824 33.833333333333336 38
1709914421376 33.225 39
1709914651484 32.81707317073171 40
1709914886922 32.416666666666664 41
1709915131016 31.848837209302324 42
1709915378904 31.25 43
1709915633663 30.977777777777778 44
1709915893467 30.33695652173913 45
1709916162009 29.659574468085108 46
1709916367113 29.28125 47
1709916567560 29.163265306122447 48
1709916769196 28.88 49
