1709907792163 92.0 0
1709907950953 95.5 1
1709908111965 94.83333333333333 2
1709908274183 94.5 3
1709908439809 94.6 4
1709908543631 94.0 5
1709908647873 94.0 6
1709908753411 93.625 7
1709908861617 94.44444444444444 8
1709908969988 93.45 9
1709909075845 92.95454545454545 10
1709909191510 92.66666666666667 11
1709909307544 92.57692307692308 12
1709909422832 92.21428571428571 13
1709909542189 92.06666666666666 14
1709909660528 91.90625 15
1709909782272 91.91176470588235 16
1709909905242 91.63888888888889 17
1709910027577 91.78947368421052 18
1709910155980 92.0 19
1709910282750 92.14285714285714 20
1709910414910 92.31818181818181 21
1709910550805 91.45652173913044 22
1709910683426 91.14583333333333 23
1709910821052 91.1 24
1709910959965 91.0 25
1709911106076 91.0925925925926 26
1709911295572 91.25 27
1709911557275 91.46551724137932 28
1709911848547 91.36666666666666 29
1709912147831 91.56451612903226 30
1709912448393 91.4375 31
1709912780283 91.45454545454545 32
1709913091090 91.01470588235294 33
1709913343827 91.11428571428571 34
1709913554377 91.23611111111111 35
1709913764122 91.08108108108108 36
1709913976435 91.28947368421052 37
1709914196846 91.34615384615384 38
1709914421410 91.275 39
1709914651500 91.1951219512195 40
1709914886944 91.27380952380952 41
1709915131039 91.30232558139535 42
1709915378922 91.25 43
1709915633680 91.45555555555555 44
1709915893485 91.3695652173913 45
1709916162034 91.34042553191489 46
1709916367131 91.08333333333333 47
1709916567584 91.20408163265306 48
1709916769219 91.19 49
