1709907792185 85.8 0
1709907950983 78.8 1
1709908112008 70.89999999999999 2
1709908274239 67.5 3
1709908439877 80.80000000000001 4
1709908543718 43.2 5
1709908647989 40.300000000000004 6
1709908753589 45.1 7
1709908861756 27.700000000000003 8
1709908970140 28.000000000000004 9
1709909076029 45.4 10
1709909191706 26.0 11
1709909307762 16.8 12
1709909423075 24.6 13
1709909542456 33.900000000000006 14
1709909660816 22.900000000000002 15
1709909782602 21.0 16
1709909905581 12.4 17
1709910027948 26.8 18
1709910156365 24.7 19
1709910283182 44.4 20
1709910415370 27.6 21
1709910551304 4.7 22
1709910683949 10.4 23
1709910821615 44.2 24
1709910960572 22.1 25
1709911106732 24.5 26
1709911296264 26.6 27
1709911558008 21.9 28
1709911849318 11.5 29
1709912148751 20.599999999999998 30
1709912449389 9.9 31
1709912781189 15.1 32
1709913092043 8.5 33
1709913344826 13.5 34
1709913555409 15.9 35
1709913765226 16.8 36
1709913977566 31.8 37
1709914198087 20.8 38
1709914422656 13.900000000000002 39
1709914652804 12.0 40
1709914888373 14.799999999999999 41
1709915132456 11.3 42
1709915380436 13.700000000000001 43
1709915635241 14.499999999999998 44
1709915895103 6.6000000000000005 45
1709916163874 8.7 46
1709916368870 9.5 47
1709916569443 33.5 48
1709916771127 13.600000000000001 49
