1709907792193 85.8 0
1709907950991 92.9 1
1709908112014 89.5 2
1709908274245 92.10000000000001 3
1709908439884 88.7 4
1709908543725 79.2 5
1709908647996 81.2 6
1709908753598 77.3 7
1709908861764 80.60000000000001 8
1709908970147 76.5 9
1709909076037 81.6 10
1709909191713 72.1 11
1709909307770 74.0 12
1709909423084 76.5 13
1709909542464 80.2 14
1709909660824 73.4 15
1709909782617 78.8 16
1709909905590 75.0 17
1709910027958 84.8 18
1709910156374 81.39999999999999 19
1709910283193 89.60000000000001 20
1709910415380 79.2 21
1709910551314 62.3 22
1709910683960 70.1 23
1709910821629 80.80000000000001 24
1709910960583 73.4 25
1709911106743 79.4 26
1709911296276 90.0 27
1709911558020 90.10000000000001 28
1709911849331 69.6 29
1709912148767 79.60000000000001 30
1709912449402 73.0 31
1709912781203 82.39999999999999 32
1709913092056 67.60000000000001 33
1709913344840 72.89999999999999 34
1709913555423 80.5 35
1709913765241 77.60000000000001 36
1709913977581 86.8 37
1709914198101 82.5 38
1709914422672 77.0 39
1709914652820 69.3 40
1709914888389 83.5 41
1709915132474 77.60000000000001 42
1709915380452 78.10000000000001 43
1709915635258 80.7 44
1709915895121 80.60000000000001 45
1709916163893 68.7 46
1709916368888 69.3 47
1709916569462 79.5 48
1709916771147 83.5 49
