1746480105523 85.6 0
1746480679079 79.4 1
1746481245869 72.8 2
1746481810843 70.39999999999999 3
1746482377663 67.80000000000001 4
1746482944014 66.8 5
1746483510747 63.2 6
1746484085139 64.60000000000001 7
1746484659161 62.4 8
1746485231761 59.0 9
1746485804082 56.8 10
1746486379468 57.199999999999996 11
1746486960112 54.2 12
1746487540323 53.400000000000006 13
1746488116070 54.800000000000004 14
1746488693924 52.6 15
1746489268722 57.4 16
1746489842191 55.60000000000001 17
1746490424928 54.400000000000006 18
