1746479537886 77.8 0
1746480105504 36.6 1
1746480679042 26.0 2
1746481245834 21.2 3
1746481810803 10.6 4
1746482377616 9.8 5
1746482943957 8.0 6
1746483510683 8.0 7
1746484085065 4.6 8
1746484659078 3.5999999999999996 9
1746485231667 3.5999999999999996 10
1746485803980 4.3999999999999995 11
1746486379355 2.1999999999999997 12
1746486959982 0.8 13
1746487540185 1.6 14
1746488115921 1.2 15
1746488693762 1.2 16
1746489268541 1.4000000000000001 17
1746489842002 0.8 18
1746490424723 1.4000000000000001 19
