1746479537893 77.8 0
1746480105517 72.2 1
1746480679072 66.0 2
1746481245862 60.4 3
1746481810836 62.0 4
1746482377656 57.8 5
1746482944006 55.400000000000006 6
1746483510740 50.2 7
1746484085131 52.0 8
1746484659154 54.400000000000006 9
1746485231753 52.800000000000004 10
1746485804074 49.4 11
1746486379460 48.4 12
1746486960103 45.6 13
1746487540314 48.8 14
1746488116061 47.199999999999996 15
1746488693915 45.2 16
1746489268712 46.400000000000006 17
1746489842182 40.6 18
1746490424918 38.6 19
