1746479537880 77.8 0
1746480105498 78.9 1
1746480679031 76.53333333333335 2
1746481245828 72.39999999999999 3
1746481810797 72.03999999999999 4
1746482377609 71.03333333333335 5
1746482943950 69.4 6
1746483510676 66.675 7
1746484085058 66.44444444444444 8
1746484659071 67.32000000000001 9
1746485231659 65.70909090909092 10
1746485803972 63.51666666666666 11
1746486379346 63.123076923076916 12
1746486959974 62.07142857142857 13
1746487540176 61.67999999999999 14
1746488115912 61.387499999999996 15
1746488693753 60.388235294117656 16
1746489268531 60.25555555555555 17
1746489841993 59.642105263157895 18
1746490424713 59.21999999999999 19
