1746479537873 77.8 0
1746480105491 60.8 1
1746480679020 47.46666666666667 2
1746481245821 37.75 3
1746481810790 30.679999999999996 4
1746482377602 27.099999999999998 5
1746482943942 20.571428571428573 6
1746483510669 17.0 7
1746484085050 14.244444444444444 8
1746484659063 14.540000000000001 9
1746485231651 12.581818181818182 10
1746485803964 12.883333333333333 11
1746486379338 9.830769230769231 12
1746486959965 10.342857142857143 13
1746487540167 9.933333333333334 14
1746488115903 9.2 15
1746488693743 8.63529411764706 16
1746489268522 8.344444444444443 17
1746489841983 7.063157894736841 18
1746490424703 7.18 19
