1746860009293 40.0 0
1746860604371 74.8 1
1746861198618 68.2 2
1746861793269 67.4 3
1746862389503 69.6 4
1746862987637 65.8 5
1746863587242 60.0 6
1746864187053 61.0 7
1746864788230 62.8 8
1746865390037 59.199999999999996 9
1746865992056 56.00000000000001 10
1746866593577 54.0 11
1746867196468 54.0 12
1746867795847 57.4 13
1746868402708 57.99999999999999 14
1746869004951 51.2 15
1746869606597 54.800000000000004 16
1746870209724 54.400000000000006 17
1746870813948 52.400000000000006 18
1746871417188 52.0 19
