1746860009280 40.0 0
1746860604350 80.8 1
1746861198590 70.93333333333334 2
1746861793233 74.75 3
1746862389444 75.44 4
1746862987582 71.96666666666667 5
1746863587178 68.02857142857142 6
1746864186981 67.375 7
1746864788145 66.0888888888889 8
1746865389945 64.58 9
1746865991955 62.69090909090908 10
1746866593462 62.78333333333333 11
1746867196345 61.2 12
1746867795708 63.35714285714285 13
1746868402555 63.2 14
1746869004786 60.9375 15
1746869606418 61.80000000000001 16
1746870209527 59.65555555555555 17
1746870813741 60.45263157894736 18
1746871416960 59.79 19
