1746814368736 78.2 0
1746815260153 70.19999999999999 1
1746816152079 66.60000000000001 2
1746817043167 65.2 3
1746817936638 60.8 4
1746818828633 41.8 5
1746819721072 54.2 6
1746820614214 52.800000000000004 7
1746821509328 53.800000000000004 8
1746822404332 50.8 9
1746823299520 48.8 10
1746824194671 49.6 11
1746825092793 42.4 12
1746826000483 44.4 13
1746826912000 45.800000000000004 14
1746827818914 42.199999999999996 15
1746828727606 39.0 16
1746829638630 42.0 17
1746830549433 42.0 18
1746831463661 37.2 19
