1746814368716 78.2 0
1746815260125 67.69999999999999 1
1746816152044 52.53333333333334 2
1746817043123 44.400000000000006 3
1746817936586 40.08 4
1746818828574 19.5 5
1746819721003 28.82857142857143 6
1746820614136 30.975 7
1746821509238 27.177777777777777 8
1746822404233 25.020000000000003 9
1746823299385 24.36363636363637 10
1746824194547 21.349999999999998 11
1746825092660 18.553846153846152 12
1746826000337 19.814285714285713 13
1746826911840 18.413333333333334 14
1746827818730 15.9375 15
1746828727412 10.094117647058825 16
1746829638424 16.84444444444445 17
1746830549214 15.126315789473683 18
1746831463423 11.040000000000001 19
