1746814368723 78.2 0
1746815260132 79.19999999999999 1
1746816152051 74.80000000000001 2
1746817043131 71.45 3
1746817936594 69.92 4
1746818828582 53.0 5
1746819721010 62.6 6
1746820614145 65.45 7
1746821509246 66.8 8
1746822404241 63.0 9
1746823299393 62.54545454545455 10
1746824194556 62.48333333333332 11
1746825092669 58.9076923076923 12
1746826000346 59.27142857142858 13
1746826911851 58.733333333333334 14
1746827818746 56.325 15
1746828727422 49.0 16
1746829638434 56.45555555555555 17
1746830549224 54.75789473684211 18
1746831463433 53.08 19
