1747151027031 78.2 0
1747151932591 63.599999999999994 1
1747152834880 65.73333333333333 2
1747153737158 65.6 3
1747154644808 63.11999999999999 4
1747155548488 63.166666666666664 5
1747156457159 59.65714285714286 6
1747157367740 59.25 7
1747158277541 48.333333333333336 8
1747159184729 57.82000000000001 9
1747160096697 58.63636363636363 10
1747161003859 54.31666666666666 11
1747161914332 57.76923076923076 12
1747162828870 55.642857142857146 13
1747163736765 55.32000000000001 14
1747164646839 53.650000000000006 15
1747165557853 52.02352941176471 16
1747166468553 49.74444444444444 17
1747167378388 50.49473684210526 18
1747168288770 48.84000000000001 19
