1747151027024 78.2 0
1747151932582 49.099999999999994 1
1747152834872 41.46666666666667 2
1747153737150 32.05 3
1747154644797 30.0 4
1747155548480 28.433333333333334 5
1747156457144 21.885714285714283 6
1747157367732 21.85 7
1747158277533 12.133333333333333 8
1747159184720 17.9 9
1747160096688 18.41818181818182 10
1747161003850 12.4 11
1747161914323 14.815384615384618 12
1747162828860 13.114285714285714 13
1747163736755 12.440000000000001 14
1747164646829 10.950000000000001 15
1747165557842 9.305882352941175 16
1747166468542 7.811111111111113 17
