1746825320682 68.8 0
1746825908426 58.199999999999996 1
1746826497685 41.199999999999996 2
1746827087209 29.799999999999997 3
1746827677161 26.8 4
1746828267732 20.200000000000003 5
1746828859526 19.2 6
1746829450575 16.8 7
1746830042846 11.799999999999999 8
1746830637045 13.4 9
1746831235032 11.799999999999999 10
1746831829612 12.4 11
1746832425054 9.4 12
1746833021404 8.6 13
1746833617143 11.200000000000001 14
1746834213898 7.6 15
1746834811115 9.4 16
1746835407457 8.799999999999999 17
1746836003147 6.6000000000000005 18
1746836598544 8.4 19
