1746825320688 68.8 0
1746825908440 68.8 1
1746826497706 63.4 2
1746827087237 60.0 3
1746827677197 59.599999999999994 4
1746828267776 59.8 5
1746828859579 58.599999999999994 6
1746829450637 57.199999999999996 7
1746830042919 54.2 8
1746830637128 51.4 9
1746831235125 53.0 10
1746831829716 51.0 11
1746832425168 50.2 12
1746833021531 46.800000000000004 13
1746833617279 48.199999999999996 14
1746834214091 49.2 15
1746834811282 48.0 16
1746835407647 45.4 17
1746836003342 46.0 18
1746836598756 44.4 19
