1746825320675 68.8 0
1746825908419 77.0 1
1746826497678 73.46666666666667 2
1746827087202 68.05000000000001 3
1746827677153 69.08 4
1746828267724 66.1 5
1746828859518 67.02857142857142 6
1746829450568 65.89999999999999 7
1746830042837 66.97777777777779 8
1746830637037 64.61999999999999 9
1746831235024 65.85454545454546 10
1746831829603 63.98333333333334 11
1746832425045 64.23076923076923 12
1746833021395 62.49999999999999 13
1746833617133 63.41333333333333 14
1746834213889 60.975 15
1746834811106 61.85882352941176 16
