1747151018456 78.2 0
1747151932112 36.199999999999996 1
1747152852994 45.800000000000004 2
1747153765937 34.599999999999994 3
1747154683752 43.2 4
1747155604641 38.2 5
1747156520127 37.4 6
1747157436122 38.800000000000004 7
1747158352511 41.4 8
1747159269727 34.4 9
1747160187261 28.000000000000004 10
1747161111533 28.199999999999996 11
1747162035145 28.000000000000004 12
1747162955962 37.0 13
1747163878146 38.0 14
1747164812525 26.6 15
1747165739257 32.4 16
1747166667633 30.8 17
1747167596243 24.8 18
