1747151018442 78.2 0
1747151932097 41.8 1
1747152852978 54.333333333333336 2
1747153765921 43.2 3
1747154683737 44.36 4
1747155604626 38.03333333333333 5
1747156520111 34.65714285714286 6
1747157436105 33.85 7
1747158352494 32.111111111111114 8
1747159269709 31.02 9
1747160187244 27.218181818181815 10
1747161111514 19.599999999999998 11
1747162035124 19.89230769230769 12
1747162955943 22.97142857142857 13
1747163878126 23.26666666666667 14
1747164812505 19.375 15
1747165739236 18.258823529411764 16
1747166667612 17.08888888888889 17
1747167596221 16.621052631578944 18
1747168523147 15.319999999999999 19
