1747151018449 78.2 0
1747151932105 54.900000000000006 1
1747152852986 73.73333333333333 2
1747153765929 71.85 3
1747154683745 71.4 4
1747155604634 66.2 5
1747156520119 68.85714285714285 6
1747157436113 67.05 7
1747158352503 68.0888888888889 8
1747159269718 67.20000000000002 9
1747160187253 65.80000000000001 10
1747161111523 59.38333333333335 11
1747162035134 59.646153846153844 12
1747162955953 63.628571428571426 13
1747163878136 63.879999999999995 14
1747164812516 61.1875 15
1747165739247 60.788235294117655 16
1747166667623 59.0 17
1747167596232 59.95789473684211 18
1747168523158 58.56 19
