1747201552804 72.39999999999999 0
1747203099591 78.3 1
1747204411507 77.0 2
1747205604528 72.44999999999999 3
1747206742551 71.84 4
1747207865477 70.53333333333333 5
1747208971703 69.6 6
1747210048019 64.675 7
1747211134346 63.51111111111111 8
1747212195133 64.1 9
1747213262884 63.36363636363637 10
1747214289455 61.13333333333335 11
1747215314998 61.353846153846156 12
1747216399400 59.74285714285714 13
1747217472930 58.626666666666665 14
1747218501491 59.724999999999994 15
1747219474471 57.6 16
1747220523788 59.48888888888889 17
1747221544013 57.88421052631579 18
1747222567339 58.11 19
