1747201552784 72.39999999999999 0
1747203099576 59.3 1
1747204411492 46.46666666666667 2
1747205604513 36.3 3
1747206742532 31.4 4
1747207865465 27.133333333333336 5
1747208971685 22.142857142857142 6
1747210047998 16.375 7
1747211134335 14.400000000000002 8
1747212195113 14.440000000000001 9
1747213262870 13.0 10
1747214289437 12.866666666666667 11
1747215314981 10.215384615384616 12
1747216399386 10.728571428571428 13
1747217472907 9.8 14
1747218501475 9.2125 15
1747219474456 8.658823529411764 16
1747220523773 8.488888888888889 17
1747221543988 7.578947368421052 18
1747222567316 7.220000000000001 19
