1746848543075 45.4 0
1746849131473 62.8 1
1746849720810 60.199999999999996 2
1746850308891 55.60000000000001 3
1746850904471 48.199999999999996 4
1746851499674 55.00000000000001 5
1746852096761 51.2 6
1746852693837 47.4 7
1746853292984 47.4 8
1746853892576 47.599999999999994 9
1746854487119 48.8 10
1746855083122 45.6 11
1746855686630 45.0 12
1746856290132 47.599999999999994 13
1746856894434 46.0 14
1746857496810 39.4 15
1746858097871 40.400000000000006 16
1746858697275 39.0 17
1746859300280 36.0 18
