1746848543082 54.54 0
1746849131487 90.22 1
1746849720831 93.82000000000001 2
1746850308921 93.60000000000001 3
1746850904508 73.98 4
1746851499721 90.52 5
1746852096815 89.08 6
1746852693899 87.96000000000001 7
1746853293062 94.3 8
1746853892662 90.82000000000001 9
1746854487212 84.34 10
1746855083226 89.46 11
1746855686746 82.69999999999999 12
1746856290259 84.72 13
1746856894576 74.28 14
1746857496968 69.98 15
1746858098038 56.99999999999999 16
1746858697457 67.75999999999999 17
1746859300479 56.76 18
1746859901180 27.22 19
