1747054453022 40.0 0
1747055044688 68.7 1
1747055636718 41.53333333333333 2
1747056230120 45.00000000000001 3
1747056822381 35.6 4
1747057415310 43.23333333333333 5
1747058009083 37.48571428571428 6
1747058606808 34.975 7
1747059203779 33.0 8
1747059811202 31.160000000000004 9
1747060425620 29.218181818181815 10
1747061029629 29.133333333333336 11
1747061630495 27.938461538461542 12
1747062241275 27.0 13
1747062858989 24.919999999999998 14
1747063468690 23.1375 15
1747064070739 22.011764705882353 16
1747064680419 20.744444444444444 17
