1747054453029 40.0 0
1747055044695 79.9 1
1747055636725 63.26666666666667 2
1747056230127 70.55000000000001 3
1747056822389 69.79999999999998 4
1747057415318 74.43333333333332 5
1747058009097 70.48571428571428 6
1747058606817 69.775 7
1747059203787 68.97777777777777 8
1747059811210 67.74 9
1747060425629 65.85454545454544 10
1747061029638 67.16666666666667 11
1747061630515 66.36923076923077 12
1747062241284 67.15714285714286 13
1747062858999 66.2 14
1747063468701 65.5 15
1747064070749 64.91764705882352 16
1747064680430 63.888888888888886 17
