1747164355680 78.60000000000001 0
1747164949192 43.0 1
1747165540009 23.599999999999998 2
1747166132019 17.4 3
1747166728944 11.0 4
1747167327510 5.4 5
1747167919848 8.4 6
1747168515404 5.6000000000000005 7
1747169107301 4.0 8
1747169704525 3.0 9
1747170298403 2.6 10
1747170895958 2.1999999999999997 11
1747171494550 2.4 12
1747172093100 2.1999999999999997 13
1747172692832 1.4000000000000001 14
1747173290374 2.1999999999999997 15
1747173889545 1.4000000000000001 16
1747174490647 1.0 17
1747175091155 1.4000000000000001 18
