1747164355665 78.60000000000001 0
1747164949177 64.8 1
1747165539994 44.6 2
1747166132003 38.5 3
1747166728929 30.24 4
1747167327494 24.5 5
1747167919832 23.171428571428574 6
1747168515387 19.95 7
1747169107284 17.822222222222223 8
1747169704508 15.419999999999998 9
1747170298385 13.745454545454544 10
1747170895940 13.050000000000002 11
1747171494532 11.446153846153845 12
1747172093081 10.757142857142856 13
1747172692812 10.826666666666666 14
1747173290354 8.787500000000001 15
1747173889525 7.552941176470589 16
1747174490626 7.533333333333335 17
1747175091134 7.831578947368421 18
1747175692220 7.0200000000000005 19
