1747164355673 78.60000000000001 0
1747164949185 82.1 1
1747165540002 74.06666666666666 2
1747166132011 74.55000000000001 3
1747166728937 71.72 4
1747167327502 71.03333333333333 5
1747167919840 68.25714285714285 6
1747168515395 66.375 7
1747169107293 64.33333333333333 8
1747169704516 64.46 9
1747170298394 63.27272727272727 10
1747170895949 62.53333333333333 11
1747171494541 60.96923076923076 12
1747172093090 62.08571428571429 13
1747172692822 61.51999999999999 14
1747173290364 59.900000000000006 15
1747173889535 58.12941176470588 16
1747174490636 59.02222222222221 17
1747175091145 58.61052631578948 18
