1746756880520 68.8 0
1746757556693 50.5 1
1746758233151 43.53333333333333 2
1746758911029 34.6 3
1746759589724 28.919999999999998 4
1746760268278 25.5 5
1746760947445 20.514285714285712 6
1746761628283 16.075 7
1746762309892 18.355555555555554 8
1746762993196 15.1 9
1746763675943 13.018181818181818 10
1746764359905 11.183333333333332 11
1746765044555 10.846153846153847 12
1746765730259 9.814285714285715 13
1746766416503 9.626666666666667 14
1746767104027 8.6875 15
1746767792207 8.341176470588236 16
1746768481761 8.333333333333334 17
1746769171786 7.747368421052631 18
1746769862829 6.209999999999999 19
