1746756880532 68.8 0
1746757556701 70.4 1
1746758233167 70.33333333333333 2
1746758911037 68.6 3
1746759589732 67.08000000000001 4
1746760268286 67.8 5
1746760947452 64.54285714285714 6
1746761628291 63.65 7
1746762309909 61.91111111111112 8
1746762993204 61.17999999999999 9
1746763675951 58.56363636363637 10
1746764359914 60.03333333333334 11
1746765044571 57.815384615384616 12
1746765730268 59.128571428571426 13
1746766416512 58.70666666666666 14
1746767104036 58.35 15
1746767792228 58.16470588235295 16
1746768481771 57.64444444444444 17
1746769171796 57.357894736842105 18
1746769862840 57.279999999999994 19
