1747083471816 78.2 0
1747084369064 46.6 1
1747085266915 63.06666666666666 2
1747086166382 60.85000000000001 3
1747087066091 59.75999999999999 4
1747087968720 60.366666666666674 5
1747088883026 58.05714285714286 6
1747089783466 60.0 7
1747090682672 59.22222222222222 8
1747091583762 54.96 9
1747092485956 56.27272727272727 10
1747093390287 56.85 11
1747094296128 54.030769230769224 12
1747095202158 52.057142857142864 13
1747096109430 52.94666666666667 14
1747097015794 51.85 15
1747097925036 49.61176470588235 16
1747098831715 47.955555555555556 17
1747099738941 49.48421052631579 18
1747100673954 45.78 19
