1747083471809 78.2 0
1747084369057 24.1 1
1747085266908 45.79999999999999 2
1747086166374 38.5 3
1747087066084 35.4 4
1747087968712 33.9 5
1747088883018 27.599999999999998 6
1747089783458 25.975 7
1747090682658 24.022222222222222 8
1747091583753 17.8 9
1747092485947 16.927272727272726 10
1747093390278 16.733333333333334 11
1747094296119 15.384615384615385 12
1747095202149 12.314285714285713 13
1747096109413 13.253333333333334 14
1747097015784 11.25 15
1747097925026 10.305882352941175 16
1747098831704 9.622222222222222 17
1747099738930 9.368421052631579 18
1747100673943 5.93 19
