1746491005048 68.8 0
1746491568771 65.2 1
1746492130677 57.599999999999994 2
1746492697789 53.400000000000006 3
1746493265282 54.6 4
1746493833211 51.6 5
1746494400585 46.0 6
1746494969621 41.6 7
1746495539455 37.8 8
1746496110418 40.6 9
1746496681151 34.2 10
1746497246683 35.4 11
1746497815149 35.199999999999996 12
1746498383064 32.6 13
1746498956078 33.6 14
1746499523253 32.2 15
1746500093584 34.599999999999994 16
1746500664690 28.199999999999996 17
1746501235150 25.2 18
1746501805740 27.800000000000004 19
