1746491005029 68.8 0
1746491568728 49.3 1
1746492130645 42.53333333333333 2
1746492697733 31.5 3
1746493265236 28.079999999999995 4
1746493833156 24.166666666666668 5
1746494400522 20.657142857142855 6
1746494969548 16.575000000000003 7
1746495539375 17.755555555555556 8
1746496110328 14.460000000000003 9
1746496681049 13.036363636363637 10
1746497246572 10.916666666666666 11
1746497815026 10.76923076923077 12
1746498382931 9.257142857142856 13
1746498955931 8.92 14
1746499523083 8.4875 15
1746500093413 7.823529411764706 16
1746500664501 7.911111111111111 17
1746501234945 7.463157894736843 18
1746501805522 5.569999999999999 19
