1746491005036 68.8 0
1746491568739 70.2 1
1746492130651 69.73333333333333 2
1746492697744 67.35 3
1746493265242 68.2 4
1746493833163 66.8 5
1746494400529 64.02857142857144 6
1746494969555 62.175 7
1746495539382 59.022222222222226 8
1746496110336 60.42 9
1746496681057 56.8 10
1746497246580 58.31666666666666 11
1746497815034 57.56923076923078 12
1746498382940 58.32857142857143 13
1746498955939 58.826666666666675 14
1746499523092 57.375 15
1746500093422 58.32941176470589 16
1746500664511 57.91111111111112 17
1746501234955 56.22105263157895 18
1746501805532 55.43000000000001 19
