1746631926413 78.60000000000001 0
1746632496291 35.6 1
1746633066529 21.2 2
1746633634001 14.799999999999999 3
1746634200369 9.8 4
1746634767272 4.8 5
1746635337472 5.6000000000000005 6
1746635913415 3.8 7
1746636484952 4.0 8
1746637054269 2.8000000000000003 9
1746637622814 3.4000000000000004 10
1746638192957 3.8 11
1746638762976 2.1999999999999997 12
1746639336826 0.8 13
1746639908662 1.6 14
1746640480930 1.4000000000000001 15
1746641053314 1.0 16
1746641626785 0.6 17
1746642200902 1.0 18
1746642775564 0.2 19
