1746631926407 78.60000000000001 0
1746632496285 80.8 1
1746633066523 72.19999999999999 2
1746633633994 75.75 3
1746634200362 73.76000000000002 4
1746634767265 70.43333333333332 5
1746635337465 67.68571428571428 6
1746635913408 67.325 7
1746636484944 64.75555555555555 8
1746637054261 63.66000000000001 9
1746637622798 62.945454545454545 10
1746638192949 62.96666666666666 11
1746638762967 60.53846153846154 12
1746639336817 61.285714285714285 13
1746639908653 61.973333333333336 14
1746640480921 61.237500000000004 15
1746641053296 59.129411764705885 16
1746641626776 59.08888888888888 17
1746642200892 58.83157894736842 18
1746642775554 58.260000000000005 19
